Peptides, PeptideUnique, RateConstants, Correlations, RootMeanRSS, AbsoluteIsotopeError, Charge, m/z(Sequence), NEH, Abundance, NDP, Rsquared,sigma,CI lower band, CI upper band
ScNcLLLK, Yes, 0.17602, 0.985263, 0.012065, 0.157716,  2,   504.25426,  10, 244833648.000000, 12.000000, 0.969789, 0.013228, 0.146908, 0.205138
SGKYDLDFK, Yes, 0.20591, 0.997844, 0.005525, 0.050092,  3,   358.18183,  10, 135101872.000000, 12.000000, 0.993578, 0.007734, 0.188885, 0.222932
SGKYDLDFK, Yes, 0.09777, 0.980267, 0.015119, 0.156783,  2,   536.76911,  10, 43524156.000000, 12.000000, 0.954211, 0.008592, 0.078857, 0.116679
KVNVVEQEK, Yes, 0.16577, 0.998418, 0.006250, 0.037000,  2,   536.80348,  16, 162594704.000000, 12.000000, 0.996041, 0.004624, 0.155596, 0.175952
IGAEVYHNLK, Yes, 0.11869, 0.998647, 0.005411, 0.071667,  2,   572.31147,  17, 179817600.000000, 12.000000, 0.996496, 0.002747, 0.112648, 0.124739
IGAEVYHNLK, Yes, 0.15199, 0.998980, 0.005574, 0.025001,  3,   381.87674,  17, 846735872.000000, 12.000000, 0.996193, 0.003813, 0.143596, 0.160381
MILPVGASSFR, Yes, 0.02574, 0.927454, 0.020428, 0.301205,  2,   589.32353,  20, 475303840.000000, 12.000000, 0.856398, 0.002535, 0.020164, 0.031325
GVSQAVEHINK, Yes, 0.13014, 0.998413, 0.008947, 0.020079,  2,   591.31729,  24, 228317328.000000, 12.000000, 0.993544, 0.004085, 0.121145, 0.139127
LMIEMDGTENK, Yes, 0.15410, 0.998053, 0.006314, 0.054592,  2,   640.79667,  18, 368545696.000000, 12.000000, 0.995058, 0.004725, 0.143698, 0.164497
LMIEmDGTENK, Yes, 0.31638, 0.938688, 0.032046, 0.052742,  2,   648.79413,  18, 4338885.000000, 11.000000, 0.868748, 0.059457, 0.183906, 0.448862
GNPTVEVDLYTAK, Yes, 0.16739, 0.997619, 0.006488, 0.014464,  2,   703.86173,  19, 536938560.000000, 12.000000, 0.994705, 0.005323, 0.155671, 0.179101
KVNVVEQEKIDK, Yes, 0.18728, 0.902217, 0.040455, 0.093857,  3,   476.94007,  19, 12176149.000000, 12.000000, 0.802784, 0.038395, 0.102769, 0.271783
YITPDQLADLYK, Yes, 0.16729, 0.997288, 0.006189, 0.034169,  2,   720.37446,  18, 968797248.000000, 12.000000, 0.993942, 0.005518, 0.155145, 0.179435
FGANAILGVSLAVcK, No, 0.10570, 0.998049, 0.007953, 0.040516,  2,   760.41869,  26, 155614400.000000, 12.000000, 0.991550, 0.003453, 0.098096, 0.113295
LAQSNGWGVMVSHR, No, 0.10754, 0.996928, 0.010067, 0.039161,  3,   514.59290,  28, 363933952.000000, 12.000000, 0.987064, 0.004383, 0.097894, 0.117189
LAQSNGWGVMVSHR, No, 0.09056, 0.735216, 0.065944, 0.075935,  2,   771.38572,  28, 50120188.000000, 12.000000, 0.346573, 0.023569, 0.038683, 0.142431
LAQSNGWGVmVSHR, No, 0.00724, 0.522845, 0.076396, 0.261031,  2,   779.38318,  28, 1409637.375000, 10.000000, 0.042785, 0.006337, 0.000000, 2.064753
AAVPSGASTGIYEALELR, No, 0.14468, 0.999841, 0.002351, 0.030440,  3,   602.31949,  42, 296926912.000000, 12.000000, 0.999459, 0.001389, 0.141623, 0.147736
AAVPSGASTGIYEALELR, No, 0.15029, 0.999251, 0.005546, 0.018557,  2,   902.97560,  42, 407447520.000000, 12.000000, 0.996879, 0.003432, 0.142739, 0.157847
LAMQEFMILPVGASSFR, Yes, 0.14238, 0.998558, 0.006027, 0.028005,  2,   948.98915,  34, 175268496.000000, 12.000000, 0.993945, 0.004456, 0.132570, 0.152183
LAMQEFMILPVGASSFR, Yes, 0.14491, 0.997424, 0.005861, 0.025809,  3,   632.99519,  34, 130788192.000000, 12.000000, 0.994436, 0.004426, 0.135172, 0.154658
LAMQEFmILPVGASSFR, Yes, 0.00000, -2.000000, 0.058636, 0.074148,  3,   638.32683,  34, 4660502.500000, 12.000000, -0.659765, 0.005047, 0.000000, 2.936766
LAmQEFMILPVGASSFR, Yes, 0.05221, 0.896846, 0.029322, 0.055292,  2,   956.98661,  34, 6478884.500000, 12.000000, 0.628726, 0.007276, 0.036195, 0.068225
DATNVGDEGGFAPNILENK, Yes, 0.13869, 0.995421, 0.009721, 0.054385,  3,   654.31307,  37, 51745004.000000, 12.000000, 0.987963, 0.006070, 0.125334, 0.152054
DATNVGDEGGFAPNILENK, Yes, 0.12808, 0.998226, 0.006087, 0.043333,  2,   980.96597,  37, 111596288.000000, 12.000000, 0.995198, 0.003453, 0.120481, 0.135682
FTASAGIQVVGDDLTVTNPK, Yes, 0.07894, 0.995100, 0.007877, 0.168452,  3,   678.35651,  31, 263045056.000000, 12.000000, 0.989056, 0.002942, 0.072468, 0.085418
FTASAGIQVVGDDLTVTNPK, Yes, 0.06573, 0.987521, 0.011472, 0.214747,  2,  1017.03113,  31, 327568640.000000, 12.000000, 0.968008, 0.003542, 0.057938, 0.073528
AGYTDQVVIGMDVAASEFYR, Yes, 0.28378, 0.992423, 0.009219, 0.032685,  3,   731.34913,  39, 106091656.000000, 12.000000, 0.983899, 0.017028, 0.246300, 0.321258
AGYTDQVVIGMDVAASEFYR, Yes, 0.15529, 0.997565, 0.005520, 0.034165,  2,  1096.52006,  39, 94329208.000000, 12.000000, 0.994777, 0.004783, 0.144762, 0.165818
SGETEDTFIADLVVGLcTGQIK, No, 0.24304, 0.972072, 0.021156, 0.182456,  2,  1177.08323,  35, 18747546.000000, 12.000000, 0.858975, 0.034517, 0.167065, 0.319009
SGETEDTFIADLVVGLcTGQIK, No, 0.19769, 0.998487, 0.004647, 0.062387,  3,   785.05791,  35, 42291812.000000, 12.000000, 0.995308, 0.005843, 0.184825, 0.210547
SFVQNYPVVSIEDPFDQDDWGAWQK, Yes, 0.14524, 0.999085, 0.002197, 0.040733,  3,   990.79089,  46, 115587432.000000, 12.000000, 0.998162, 0.002598, 0.139523, 0.150961
SFVQNYPVVSIEDPFDQDDWGAWQK, Yes, 0.12842, 0.996316, 0.004624, 0.059383,  2,  1485.68269,  46, 5915748.000000, 12.000000, 0.991060, 0.004712, 0.118051, 0.138793
HIADLAGNPEVILPVPAFNVINGGSHAGNK, Yes, 0.13178, 0.998963, 0.002789, 0.037377,  4,   756.15307,  60, 113301000.000000, 12.000000, 0.997181, 0.002762, 0.125705, 0.137861
HIADLAGNPEVILPVPAFNVINGGSHAGNK, Yes, 0.13984, 0.999612, 0.001404, 0.100107,  3,  1007.86834,  60, 13011250.000000, 5.000000, 0.997842, 0.001558, 0.135510, 0.144163
TIAPALVSK, Yes, 0.10976, 0.994673, 0.013876, 0.017800,  2,   450.28165,  16, 943410496.000000, 12.000000, 0.978173, 0.005779, 0.097039, 0.122480
VNVVEQEK, Yes, 0.14667, 0.958627, 0.030826, 0.057696,  2,   472.75600,  15, 49891052.000000, 12.000000, 0.887584, 0.018963, 0.104931, 0.188403
AILGVSLAVcK, No, 0.09682, 0.995405, 0.010733, 0.135157,  2,   565.83373,  18, 32408008.000000, 12.000000, 0.986165, 0.004119, 0.087756, 0.105886
KVNVVEQEKIDK, Yes, 0.02903, 0.984040, 0.031965, 0.175014,  2,   714.90646,  19, 2442948.250000, 6.000000, 0.610139, 0.012683, 0.000000, 3.117400
IAPALVSK, Yes, 0.11630, 0.956723, 0.030750, 0.036334,  2,   399.75781,  15, 155141504.000000, 11.000000, 0.857408, 0.014233, 0.084591, 0.148019
TPDQLADLYK, Yes, 0.03754, 0.973009, 0.015368, 0.515967,  2,   582.30077,  16, 93575672.000000, 12.000000, 0.942913, 0.002609, 0.031802, 0.043286
GNPTVEVDLYTAK, Yes, 0.14989, 0.974966, 0.019698, 0.114188,  3,   469.57691,  19, 19490710.000000, 12.000000, 0.946553, 0.014113, 0.118831, 0.180957


MeanRateConst/CorrCutOff, 0.142122, 0.900000


MedianRateConst/RMSSCutOff, 0.144680, 0.050000
StandDev/NumberPeptides, 0.004283, 33
TotalIonCurrent, 2.69776e+11
