BWE,M0,M1,M2,M3,M4,M5
0,0.3844304,0.3360385,0.1795411,0.07113516,0.02274321,0.006111612
0.001,0.3753648,0.3371346,0.1832948,0.07376084,0.02392455,0.006520458
0.002,0.3665076,0.3380049,0.1869879,0.07641272,0.02513947,0.006947365
0.003,0.3578545,0.338659,0.1906171,0.07908896,0.02638781,0.007392682
0.004,0.3494008,0.339106,0.1941794,0.08178768,0.02766943,0.007856752
0.005,0.3411422,0.339355,0.1976718,0.08450703,0.0289841,0.008339909
0.006,0.3330745,0.3394145,0.2010918,0.08724508,0.0303316,0.008842473
0.007,0.3251935,0.3392931,0.204437,0.08999997,0.03171166,0.009364759
0.008,0.317495,0.3389988,0.2077053,0.09276978,0.03312397,0.009907067
0.009,0.3099752,0.3385395,0.2108948,0.09555259,0.03456823,0.01046969
0.01,0.30263,0.3379229,0.2140036,0.09834649,0.03604406,0.0110529
0.011,0.2954556,0.3371563,0.2170304,0.1011496,0.03755108,0.01165698
0.012,0.2884482,0.3362469,0.2199738,0.1039601,0.03908887,0.01228217
0.013,0.2816041,0.3352015,0.2228326,0.106776,0.040657,0.01292872
0.014,0.2749197,0.3340269,0.2256059,0.1095956,0.04225499,0.01359686
0.015,0.2683915,0.3327296,0.2282928,0.112417,0.04388235,0.01428682
0.016,0.2620159,0.3313157,0.2308927,0.1152383,0.04553857,0.01499879
0.017,0.2557896,0.3297913,0.2334051,0.1180579,0.0472231,0.01573297
0.018,0.2497093,0.3281623,0.2358295,0.120874,0.04893538,0.01648954
0.019,0.2437716,0.3264342,0.2381658,0.1236849,0.05067483,0.01726867
0.02,0.2379734,0.3246125,0.2404138,0.1264889,0.05244085,0.01807052
0.021,0.2323116,0.3227025,0.2425736,0.1292843,0.05423281,0.01889523
0.022,0.226783,0.3207092,0.2446452,0.1320696,0.05605006,0.01974292
0.023,0.2213847,0.3186375,0.2466289,0.1348432,0.05789197,0.02061371
0.024,0.2161138,0.3164923,0.2485249,0.1376036,0.05975784,0.02150769
0.025,0.2109673,0.3142778,0.2503337,0.1403492,0.061647,0.02242497
0.026,0.2059424,0.3119986,0.2520559,0.1430787,0.06355873,0.02336561
0.027,0.2010365,0.309659,0.2536919,0.1457907,0.06549235,0.02432967
0.028,0.1962467,0.3072629,0.2552424,0.1484837,0.06744711,0.02531721
0.029,0.1915705,0.3048143,0.2567082,0.1511565,0.0694223,0.02632827
0.03,0.1870052,0.3023169,0.25809,0.1538078,0.07141715,0.02736286
0.031,0.1825483,0.2997745,0.2593888,0.1564365,0.07343093,0.028421
0.032,0.1781973,0.2971904,0.2606055,0.1590412,0.07546289,0.02950268
0.033,0.1739499,0.2945681,0.261741,0.1616209,0.07751223,0.03060789
0.034,0.1698035,0.2919108,0.2627963,0.1641745,0.07957823,0.0317366
0.035,0.165756,0.2892215,0.2637726,0.166701,0.08166009,0.03288878
0.036,0.161805,0.2865033,0.2646709,0.1691993,0.08375704,0.03406438
0.037,0.1579483,0.2837591,0.2654924,0.1716686,0.08586831,0.03526333
0.038,0.1541837,0.2809915,0.2662383,0.1741078,0.08799313,0.03648556
0.039,0.150509,0.2782032,0.2669098,0.1765162,0.0901307,0.03773098
0.04,0.1469223,0.2753968,0.2675081,0.178893,0.09228025,0.03899949
0.041,0.1434214,0.2725746,0.2680346,0.1812373,0.09444104,0.04029102
0.042,0.1400044,0.2697391,0.2684906,0.1835483,0.09661225,0.04160541
0.043,0.1366692,0.2668922,0.2688773,0.1858256,0.09879315,0.04294258
0.044,0.133414,0.2640364,0.269196,0.1880683,0.1009829,0.04430234
0.045,0.130237,0.2611734,0.2694483,0.190276,0.1031809,0.04568456
0.046,0.1271362,0.2583054,0.2696353,0.1924479,0.1053862,0.0470891
0.047,0.1241099,0.2554341,0.2697584,0.1945836,0.1075981,0.04851579
0.048,0.1211563,0.2525614,0.2698192,0.1966827,0.109816,0.04996445
0.049,0.1182738,0.2496888,0.2698189,0.1987446,0.112039,0.0514349
0.05,0.1154606,0.2468181,0.2697589,0.200769,0.1142664,0.05292699
0.051,0.1127151,0.2439507,0.2696407,0.2027555,0.1164975,0.05444044
0.052,0.1100358,0.2410882,0.2694655,0.2047038,0.1187316,0.05597512
0.053,0.107421,0.2382318,0.2692349,0.2066135,0.120968,0.05753078
0.054,0.1048692,0.235383,0.2689502,0.2084844,0.123206,0.0591072
0.055,0.102379,0.2325429,0.2686128,0.2103162,0.1254449,0.06070416
0.056,0.09994878,0.2297129,0.2682241,0.2121088,0.127684,0.06232144
0.057,0.09757722,0.2268939,0.2677854,0.213862,0.1299226,0.0639588
0.058,0.09526291,0.2240871,0.2672981,0.2155757,0.1321602,0.06561598
0.059,0.09300448,0.2212935,0.2667636,0.2172497,0.134396,0.0672927
0.06,0.09080055,0.2185141,0.2661832,0.2188839,0.1366295,0.06898879
0.061,0.08864986,0.2157496,0.2655582,0.2204784,0.1388599,0.07070392
0.062,0.08655114,0.213001,0.26489,0.2220331,0.1410868,0.07243787
0.063,0.08450313,0.2102692,0.2641799,0.2235479,0.1433095,0.07419032
0.064,0.08250459,0.2075547,0.2634292,0.225023,0.1455274,0.07596105
0.065,0.0805544,0.2048585,0.2626391,0.2264583,0.14774,0.07774974
0.066,0.07865131,0.202181,0.2618109,0.2278541,0.1499466,0.07955613
0.067,0.07679423,0.1995229,0.2609459,0.2292102,0.1521468,0.08137999
0.068,0.07498207,0.1968848,0.2600452,0.2305269,0.15434,0.08322091
0.069,0.07321373,0.1942673,0.2591102,0.2318043,0.1565257,0.08507869
0.07,0.07148813,0.1916708,0.258142,0.2330426,0.1587034,0.08695305
0.071,0.06980425,0.1890958,0.2571418,0.2342419,0.1608726,0.08884363
0.072,0.06816112,0.1865428,0.2561107,0.2354024,0.1630328,0.09075019
0.073,0.06655769,0.184012,0.2550499,0.2365245,0.1651835,0.09267239
0.074,0.06499302,0.181504,0.2539605,0.2376082,0.1673243,0.09460996
0.075,0.06346619,0.1790189,0.2528436,0.2386538,0.1694548,0.09656261
0.076,0.06197628,0.1765572,0.2517004,0.2396617,0.1715744,0.09853
0.077,0.06052235,0.174119,0.2505318,0.240632,0.173683,0.1005119
0.078,0.05910358,0.1717047,0.2493389,0.2415651,0.1757798,0.1025079
0.079,0.05771907,0.1693144,0.2481227,0.2424613,0.1778647,0.1045178
0.08,0.05636805,0.1669484,0.2468844,0.2433209,0.1799372,0.1065412
0.081,0.05504963,0.1646067,0.2456247,0.2441442,0.1819969,0.1085779
0.082,0.05376304,0.1622896,0.2443447,0.2449315,0.1840436,0.1106275
0.083,0.05250753,0.1599972,0.2430454,0.2456833,0.1860768,0.1126897
0.084,0.05128232,0.1577296,0.2417277,0.2463998,0.1880962,0.1147643
0.085,0.05008667,0.1554868,0.2403924,0.2470815,0.1901016,0.116851
0.086,0.04891985,0.153269,0.2390405,0.2477287,0.1920927,0.1189494
0.087,0.04778118,0.1510761,0.2376728,0.2483418,0.194069,0.1210592
0.088,0.04666995,0.1489082,0.2362901,0.2489211,0.1960304,0.1231802
0.089,0.0455855,0.1467654,0.2348934,0.2494672,0.1979765,0.125312
0.09,0.04452718,0.1446476,0.2334834,0.2499804,0.1999072,0.1274543
0.091,0.04349435,0.1425547,0.2320609,0.250461,0.2018221,0.1296068
0.092,0.04248636,0.1404869,0.2306267,0.2509096,0.2037212,0.1317693
0.093,0.04150263,0.1384439,0.2291815,0.2513266,0.205604,0.1339415
0.094,0.04054256,0.1364258,0.227726,0.2517122,0.2074704,0.136123
0.095,0.03960555,0.1344325,0.2262609,0.2520671,0.2093202,0.1383137
0.096,0.03869107,0.1324639,0.2247871,0.2523916,0.2111532,0.1405131
0.097,0.03779854,0.1305199,0.2233051,0.2526861,0.2129693,0.1427211
0.098,0.03692743,0.1286003,0.2218155,0.2529512,0.2147682,0.1449373
0.099,0.03607721,0.1267052,0.2203191,0.2531872,0.2165499,0.1471614
0.1,0.03524737,0.1248344,0.2188164,0.2533945,0.2183141,0.1493933
0.101,0.03443742,0.1229877,0.2173081,0.2535737,0.2200606,0.1516325
0.102,0.03364688,0.121165,0.2157948,0.2537251,0.2217895,0.1538788
0.103,0.03287524,0.1193661,0.2142769,0.2538492,0.2235005,0.1561321
0.104,0.03212206,0.1175909,0.2127551,0.2539465,0.2251935,0.1583919
0.105,0.03138689,0.1158393,0.21123,0.2540173,0.2268685,0.160658
0.106,0.03066927,0.1141111,0.209702,0.2540622,0.2285253,0.1629302
0.107,0.02996879,0.112406,0.2081716,0.2540815,0.2301638,0.1652082
0.108,0.02928502,0.110724,0.2066393,0.2540758,0.231784,0.1674918
0.109,0.02861754,0.1090648,0.2051057,0.2540453,0.2333858,0.1697807
0.11,0.02796597,0.1074283,0.2035712,0.2539908,0.2349692,0.1720746
0.111,0.02732989,0.1058142,0.2020361,0.2539123,0.236534,0.1743736
0.112,0.02670896,0.1042224,0.2005011,0.2538106,0.2380801,0.1766769
0.113,0.02610279,0.1026526,0.1989664,0.253686,0.2396077,0.1789844
0.114,0.02551101,0.1011047,0.1974325,0.2535389,0.2411166,0.1812962
0.115,0.02493327,0.09957848,0.1958997,0.2533697,0.2426068,0.183612
0.116,0.02436924,0.0980737,0.1943686,0.253179,0.2440783,0.1859311
0.117,0.02381857,0.09659012,0.1928393,0.2529671,0.2455311,0.1882539
0.118,0.02328094,0.0951276,0.1913123,0.2527343,0.2469651,0.1905797
0.119,0.02275602,0.09368585,0.1897879,0.2524813,0.2483804,0.1929086
0.12,0.02224353,0.09226475,0.1882665,0.2522082,0.2497769,0.1952401
0.121,0.02174312,0.09086397,0.1867484,0.2519157,0.2511546,0.1975742
0.122,0.02125453,0.08948337,0.1852338,0.2516041,0.2525137,0.1999106
0.123,0.02077745,0.08812264,0.1837229,0.2512736,0.2538541,0.2022492
0.124,0.02031163,0.08678171,0.1822164,0.250925,0.2551757,0.2045896
0.125,0.01985675,0.08546021,0.1807142,0.2505584,0.2564787,0.2069317
0.126,0.01941257,0.08415797,0.1792167,0.2501742,0.2577631,0.2092755
0.127,0.01897884,0.08287481,0.1777242,0.2497729,0.2590289,0.2116203
0.128,0.01855527,0.08161044,0.1762368,0.2493549,0.2602761,0.2139665
0.129,0.01814165,0.08036469,0.1747548,0.2489205,0.2615049,0.2163135
0.13,0.01773771,0.07913731,0.1732785,0.2484701,0.2627152,0.2186611
0.131,0.01734323,0.07792809,0.1718081,0.2480041,0.2639071,0.2210094
0.132,0.01695798,0.07673677,0.1703436,0.2475228,0.2650807,0.2233582
0.133,0.01658171,0.07556315,0.1688854,0.2470266,0.266236,0.2257072
0.134,0.01621423,0.074407,0.1674335,0.2465159,0.2673731,0.2280562
0.135,0.01585532,0.07326814,0.1659884,0.245991,0.2684921,0.230405
0.136,0.01550477,0.0721463,0.16455,0.2454523,0.2695931,0.2327536
0.137,0.01516238,0.07104129,0.1631185,0.2449001,0.270676,0.2351018
0.138,0.01482794,0.06995288,0.1616941,0.2443347,0.2717411,0.2374493
0.139,0.01450127,0.06888088,0.160277,0.2437566,0.2727883,0.239796
0.14,0.01418218,0.06782503,0.1588673,0.243166,0.2738178,0.2421418
0.141,0.01387048,0.06678516,0.1574651,0.2425632,0.2748297,0.2444865
0.142,0.013566,0.06576101,0.1560704,0.2419486,0.275824,0.2468301
0.143,0.01326855,0.06475237,0.1546835,0.2413224,0.2768008,0.2491723
0.144,0.01297798,0.06375912,0.1533047,0.2406852,0.2777603,0.2515128
0.145,0.01269412,0.06278092,0.1519336,0.2400369,0.2787025,0.253852
0.146,0.0124168,0.06181768,0.1505708,0.2393782,0.2796275,0.256189
0.147,0.01214586,0.06086909,0.149216,0.2387091,0.2805355,0.2585245
0.148,0.01188116,0.05993504,0.1478695,0.2380301,0.2814266,0.2608576
0.149,0.01162253,0.05901526,0.1465314,0.2373413,0.2823007,0.2631887
0.15,0.01136985,0.05810959,0.1452017,0.2366432,0.2831582,0.2655175
0.151,0.01112296,0.05721782,0.1438805,0.235936,0.283999,0.2678438
0.152,0.01088171,0.05633972,0.1425678,0.2352198,0.2848233,0.2701677
0.153,0.01064599,0.05547515,0.1412638,0.2344951,0.2856312,0.2724888
0.154,0.01041565,0.05462384,0.1399683,0.233762,0.2864227,0.2748074
0.155,0.01019058,0.05378571,0.1386818,0.233021,0.2871981,0.2771229
0.156,0.009970635,0.05296052,0.137404,0.2322722,0.2879575,0.2794352
0.157,0.009755695,0.05214804,0.1361349,0.2315158,0.2887008,0.2817447
0.158,0.009545652,0.05134814,0.1348748,0.2307521,0.2894284,0.2840509
0.159,0.009340373,0.05056059,0.1336235,0.2299814,0.2901402,0.2863539
0.16,0.009139759,0.04978526,0.1323812,0.2292039,0.2908365,0.2886533
0.161,0.008943687,0.04902192,0.1311478,0.2284198,0.2915173,0.2909495
0.162,0.008752062,0.04827045,0.1299234,0.2276295,0.2921828,0.2932418
0.163,0.008564765,0.04753062,0.128708,0.226833,0.2928331,0.2955305
0.164,0.008381702,0.04680229,0.1275017,0.2260306,0.2934682,0.2978155
0.165,0.008202763,0.04608525,0.1263043,0.2252226,0.2940884,0.3000967
0.166,0.008027867,0.0453794,0.1251161,0.2244092,0.2946937,0.3023738
0.167,0.007856905,0.04468453,0.1239368,0.2235906,0.2952843,0.3046468
0.168,0.007689784,0.04400045,0.1227666,0.2227669,0.2958604,0.3069159
0.169,0.007526418,0.04332704,0.1216055,0.2219384,0.2964219,0.3091807
0.17,0.007366714,0.04266411,0.1204534,0.2211053,0.2969691,0.3114413
0.171,0.007210589,0.04201152,0.1193104,0.2202678,0.2975021,0.3136976
0.172,0.007057962,0.04136913,0.1181764,0.2194262,0.298021,0.3159493
0.173,0.006908747,0.04073676,0.1170515,0.2185804,0.298526,0.3181966
0.174,0.006762859,0.04011425,0.1159356,0.2177309,0.2990171,0.3204393
0.175,0.006620225,0.03950145,0.1148287,0.2168777,0.2994945,0.3226774
0.176,0.006480766,0.03889821,0.1137307,0.2160209,0.2999583,0.324911
0.177,0.006344409,0.03830441,0.1126418,0.2151609,0.3004087,0.3271398
0.178,0.006211088,0.03771991,0.1115618,0.2142978,0.3008457,0.3293636
0.179,0.006080722,0.03714452,0.1104908,0.2134317,0.3012696,0.3315826
0.18,0.005953243,0.03657812,0.1094287,0.2125628,0.3016804,0.3337968
0.181,0.005828591,0.0360206,0.1083754,0.2116913,0.3020782,0.3360058
0.182,0.005706693,0.03547179,0.1073311,0.2108173,0.3024633,0.3382098
0.183,0.005587484,0.03493154,0.1062955,0.209941,0.3028356,0.3404089
0.184,0.005470907,0.03439976,0.1052687,0.2090625,0.3031954,0.3426028
0.185,0.005356899,0.0338763,0.1042507,0.2081819,0.3035427,0.3447915
0.186,0.005245402,0.03336104,0.1032415,0.2072995,0.3038777,0.3469748
0.187,0.005136352,0.03285382,0.1022409,0.2064154,0.3042005,0.349153
0.188,0.005029698,0.03235455,0.1012491,0.2055297,0.3045113,0.3513257
0.189,0.004925379,0.03186307,0.1002657,0.2046424,0.3048101,0.3534933
0.19,0.004823345,0.03137928,0.09929105,0.2037539,0.305097,0.3556554
0.191,0.004723545,0.03090308,0.09832494,0.2028642,0.3053724,0.3578119
0.192,0.00462592,0.03043429,0.09736723,0.2019733,0.3056361,0.3599632
0.193,0.004530432,0.02997288,0.0964181,0.2010816,0.3058884,0.3621086
0.194,0.004437021,0.02951867,0.09547737,0.2001891,0.3061293,0.3642485
0.195,0.004345645,0.02907156,0.09454501,0.1992958,0.3063591,0.3663829
0.196,0.00425625,0.02863142,0.09362088,0.1984018,0.3065777,0.3685119
0.197,0.004168802,0.02819819,0.09270518,0.1975076,0.3067854,0.3706349
0.198,0.004083247,0.02777172,0.09179764,0.1966128,0.3069822,0.3727524
0.199,0.003999544,0.0273519,0.09089829,0.1957178,0.3071683,0.3748642
0.2,0.003917655,0.02693867,0.09000716,0.1948228,0.3073438,0.3769699
0.201,0.00383753,0.02653186,0.08912401,0.1939275,0.3075088,0.3790703
0.202,0.003759139,0.02613143,0.08824898,0.1930324,0.3076634,0.3811646
0.203,0.003682436,0.02573725,0.08738196,0.1921375,0.3078078,0.3832531
0.204,0.003607386,0.02534923,0.0865229,0.1912428,0.307942,0.3853357
0.205,0.003533944,0.02496723,0.08567163,0.1903483,0.3080661,0.3874128
0.206,0.003462084,0.02459123,0.08482832,0.1894544,0.3081804,0.3894836
0.207,0.003391762,0.02422106,0.08399271,0.1885609,0.3082848,0.3915487
0.208,0.003322946,0.02385667,0.08316488,0.1876681,0.3083796,0.3936078
0.209,0.003255607,0.02349799,0.08234481,0.186776,0.3084648,0.3956608
0.21,0.003189705,0.02314487,0.08153231,0.1858847,0.3085405,0.397708
0.211,0.003125209,0.02279727,0.08072742,0.1849943,0.3086068,0.399749
0.212,0.003062086,0.02245506,0.07993002,0.1841047,0.3086638,0.4017843
0.213,0.003000307,0.02211818,0.07914009,0.1832161,0.3087118,0.4038135
0.214,0.002939845,0.02178656,0.07835764,0.1823287,0.3087507,0.4058365
0.215,0.002880666,0.02146009,0.07758255,0.1814425,0.3087807,0.4078536
0.216,0.002822741,0.02113869,0.07681478,0.1805575,0.3088018,0.4098645
0.217,0.002766042,0.02082227,0.07605418,0.1796736,0.3088142,0.4118697
0.218,0.002710545,0.02051078,0.07530086,0.1787912,0.308818,0.4138686
0.219,0.002656222,0.02020415,0.07455474,0.1779104,0.3088133,0.4158612
0.22,0.002603045,0.01990226,0.07381567,0.177031,0.3088002,0.4178479
0.221,0.002550988,0.01960504,0.0730836,0.176153,0.3087788,0.4198285
0.222,0.002500028,0.01931244,0.07235856,0.1752768,0.3087491,0.421803
0.223,0.002450142,0.01902439,0.07164049,0.1744023,0.3087114,0.4237712
0.224,0.002401299,0.01874076,0.07092916,0.1735293,0.3086656,0.4257338
0.225,0.002353485,0.01846155,0.07022477,0.1726583,0.3086119,0.4276899
0.226,0.002306673,0.01818667,0.06952716,0.1717892,0.3085505,0.4296398
0.227,0.00226084,0.01791604,0.06883623,0.1709219,0.3084813,0.4315837
0.228,0.002215964,0.01764957,0.06815191,0.1700565,0.3084045,0.4335215
0.229,0.002172025,0.01738723,0.06747421,0.1691931,0.3083201,0.4354534
0.23,0.002129004,0.01712894,0.0668031,0.1683318,0.3082284,0.4373787
0.231,0.002086881,0.01687466,0.06613851,0.1674727,0.3081293,0.4392979
0.232,0.002045632,0.01662428,0.06548029,0.1666156,0.3080229,0.4412113
0.233,0.002005242,0.01637777,0.06482853,0.1657607,0.3079094,0.4431183
0.234,0.001965689,0.01613505,0.06418303,0.164908,0.3077888,0.4450194
0.235,0.001926957,0.01589608,0.06354386,0.1640577,0.3076614,0.446914
0.236,0.001889028,0.0156608,0.06291094,0.1632097,0.307527,0.4488026
0.237,0.001851882,0.01542912,0.06228413,0.1623639,0.3073857,0.4506852
0.238,0.001815504,0.01520101,0.06166346,0.1615205,0.3072378,0.4525617
0.239,0.001779877,0.0149764,0.06104884,0.1606796,0.3070832,0.4544321
0.24,0.001744987,0.01475526,0.06044033,0.1598413,0.3069223,0.4562959
0.241,0.00171081,0.01453748,0.05983763,0.1590051,0.3067546,0.4581543
0.242,0.001677339,0.01432306,0.05924092,0.1581717,0.3065808,0.4600062
0.243,0.001644554,0.01411192,0.05865002,0.1573407,0.3064006,0.4618522
0.244,0.001612444,0.01390403,0.05806497,0.1565124,0.3062142,0.4636919
0.245,0.001580992,0.01369933,0.05748569,0.1556868,0.3060218,0.4655254
0.246,0.001550182,0.01349774,0.05691203,0.1548636,0.3058232,0.4673532
0.247,0.001520003,0.01329924,0.05634407,0.1540432,0.3056187,0.4691748
0.248,0.001490442,0.01310379,0.05578176,0.1532256,0.3054085,0.4709899
0.249,0.001461481,0.01291131,0.0552249,0.1524105,0.3051923,0.4727995
0.25,0.001433113,0.01272179,0.05467363,0.1515984,0.3049705,0.4746026
0.251,0.00140532,0.01253513,0.05412772,0.1507888,0.3047429,0.4764001
0.252,0.001378093,0.01235134,0.05358725,0.1499822,0.3045098,0.4781913
0.253,0.001351419,0.01217033,0.05305209,0.1491783,0.3042713,0.4799766
0.254,0.001325287,0.0119921,0.0525223,0.1483773,0.3040273,0.4817556
0.255,0.001299684,0.01181658,0.05199772,0.1475791,0.303778,0.4835289
0.256,0.001274598,0.01164371,0.0514783,0.1467838,0.3035234,0.4852962
0.257,0.001250021,0.01147349,0.05096409,0.1459914,0.3032637,0.4870573
0.258,0.00122594,0.01130584,0.05045497,0.1452019,0.3029988,0.4888126
0.259,0.001202343,0.01114074,0.04995089,0.1444153,0.3027288,0.4905619
0.26,0.001179224,0.01097815,0.04945184,0.1436317,0.3024539,0.4923052
0.261,0.001156567,0.01081801,0.04895769,0.142851,0.302174,0.4940428
0.262,0.001134369,0.01066031,0.04846852,0.1420733,0.3018893,0.4957742
0.263,0.001112615,0.01050499,0.04798418,0.1412986,0.3015998,0.4974999
0.264,0.001091299,0.01035204,0.04750473,0.140527,0.3013057,0.4992193
0.265,0.001070408,0.01020138,0.04702999,0.1397582,0.3010068,0.5009332
0.266,0.001049936,0.010053,0.04655999,0.1389925,0.3007033,0.5026412
0.267,0.001029874,0.009906869,0.0460947,0.1382299,0.3003955,0.5043432
0.268,0.001010212,0.009762937,0.04563403,0.1374703,0.3000831,0.5060394
0.269,0.000990942,0.009621168,0.04517791,0.1367137,0.2997663,0.5077299
0.27,0.000972058,0.009481557,0.04472645,0.1359603,0.2994454,0.5094143
0.271,0.000953548,0.009344031,0.04427941,0.1352099,0.29912,0.5110931
0.272,0.000935406,0.009208574,0.04383685,0.1344625,0.2987905,0.5127662
0.273,0.000917625,0.009075159,0.04339871,0.1337183,0.2984568,0.5144335
0.274,0.000900198,0.008943756,0.04296499,0.1329772,0.298119,0.5160949
0.275,0.000883114,0.00881431,0.04253552,0.1322391,0.2977772,0.5177508
0.276,0.00086637,0.008686823,0.04211043,0.1315042,0.2974315,0.5194007
0.277,0.000849957,0.008561242,0.04168956,0.1307724,0.2970819,0.521045
0.278,0.000833869,0.008437544,0.0412729,0.1300437,0.2967284,0.5226836
0.279,0.000818098,0.0083157,0.04086043,0.1293181,0.2963712,0.5243164
0.28,0.000802638,0.008195679,0.04045206,0.1285957,0.2960102,0.5259437
0.281,0.000787482,0.008077444,0.04004775,0.1278763,0.2956455,0.5275655
0.282,0.000772626,0.007960995,0.03964757,0.1271602,0.2952774,0.5291812
0.283,0.000758061,0.007846276,0.03925136,0.1264472,0.2949056,0.5307915
0.284,0.000743782,0.007733269,0.03885911,0.1257373,0.2945303,0.5323963
0.285,0.000729783,0.007621944,0.03847077,0.1250305,0.2941514,0.5339956
0.286,0.000716058,0.007512285,0.03808636,0.1243269,0.2937693,0.5355891
0.287,0.000702603,0.007404262,0.03770581,0.1236265,0.2933838,0.537177
0.288,0.00068941,0.007297835,0.03732902,0.1229291,0.292995,0.5387597
0.289,0.000676476,0.007193001,0.03695605,0.1222349,0.2926029,0.5403367
0.29,0.000663794,0.007089723,0.0365868,0.1215439,0.2922076,0.5419083
0.291,0.000651359,0.006987984,0.03622128,0.120856,0.2918092,0.5434741
0.292,0.000639166,0.006887747,0.03585938,0.1201712,0.2914077,0.5450348
0.293,0.000627211,0.006789,0.03550113,0.1194896,0.2910031,0.54659
0.294,0.000615488,0.006691715,0.03514646,0.118811,0.2905954,0.5481399
0.295,0.000603993,0.006595881,0.03479539,0.1181358,0.290185,0.5496839
0.296,0.000592721,0.006501457,0.03444781,0.1174636,0.2897716,0.5512229
0.297,0.000581668,0.006408433,0.03410373,0.1167945,0.2893554,0.5527563
0.298,0.000570828,0.006316787,0.0337631,0.1161286,0.2889362,0.5542845
0.299,0.000560199,0.006226493,0.03342588,0.1154658,0.2885144,0.5558072
0.3,0.000549774,0.006137527,0.03309202,0.114806,0.2880898,0.5573249
0.301,0.000539551,0.006049876,0.03276151,0.1141494,0.2876624,0.5588372
0.302,0.000529526,0.005963523,0.03243435,0.113496,0.2872326,0.560344
0.303,0.000519693,0.005878438,0.03211045,0.1128456,0.2868,0.5618458
0.304,0.00051005,0.005794606,0.0317898,0.1121984,0.286365,0.5633422
0.305,0.000500593,0.005712014,0.0314724,0.1115543,0.2859275,0.5648332
0.306,0.000491317,0.005630628,0.03115814,0.1109132,0.2854874,0.5663193
0.307,0.000482219,0.005550441,0.03084704,0.1102753,0.285045,0.5678
0.308,0.000473297,0.005471438,0.03053909,0.1096405,0.2846002,0.5692755
0.309,0.000464544,0.005393585,0.03023419,0.1090086,0.284153,0.5707461
0.31,0.00045596,0.005316874,0.02993234,0.1083798,0.2837034,0.5722115
0.311,0.00044754,0.005241295,0.02963356,0.1077543,0.2832518,0.5736716
0.312,0.00043928,0.005166816,0.02933774,0.1071316,0.2827978,0.5751267
0.313,0.000431179,0.005093431,0.0290449,0.1065121,0.2823416,0.5765768
0.314,0.000423232,0.005021118,0.028755,0.1058956,0.2818834,0.5780216
0.315,0.000415437,0.004949867,0.02846803,0.1052822,0.281423,0.5794614
0.316,0.00040779,0.004879653,0.02818391,0.1046718,0.2809605,0.5808963
0.317,0.000400289,0.004810465,0.02790264,0.1040645,0.280496,0.5823261
0.318,0.00039293,0.004742284,0.02762418,0.1034601,0.2800294,0.583751
0.319,0.00038571,0.004675092,0.02734848,0.1028587,0.2795609,0.5851712
0.32,0.000378629,0.004608891,0.02707561,0.1022604,0.2790905,0.586586
0.321,0.000371681,0.004543649,0.02680545,0.1016651,0.2786182,0.5879959
0.322,0.000364865,0.004479355,0.02653799,0.1010727,0.2781441,0.589401
0.323,0.000358178,0.004415998,0.02627321,0.1004833,0.2776681,0.5908012
0.324,0.000351618,0.004353563,0.02601109,0.09989699,0.2771904,0.5921964
0.325,0.000345181,0.004292025,0.02575154,0.0993134,0.2767106,0.5935873
0.326,0.000338866,0.004231388,0.02549464,0.09873292,0.2762293,0.5949729
0.327,0.00033267,0.004171633,0.02524032,0.09815543,0.2757464,0.5963535
0.328,0.000326591,0.004112745,0.02498855,0.09758089,0.2752618,0.5977294
0.329,0.000320626,0.004054702,0.02473925,0.09700913,0.2747754,0.5991008
0.33,0.000314774,0.003997502,0.02449247,0.09644037,0.2742876,0.6004673
0.331,0.000309031,0.003941131,0.02424816,0.0958745,0.2737981,0.6018291
0.332,0.000303397,0.003885579,0.02400632,0.09531162,0.2733072,0.6031859
0.333,0.000297869,0.003830827,0.02376688,0.09475157,0.2728147,0.6045381
0.334,0.000292444,0.003776865,0.02352983,0.09419442,0.2723208,0.6058856
0.335,0.00028712,0.003723681,0.02329514,0.09364012,0.2718254,0.6072285
0.336,0.000281896,0.003671261,0.02306279,0.0930886,0.2713284,0.608567
0.337,0.000276771,0.003619601,0.02283277,0.09254001,0.2708302,0.6099007
0.338,0.000271741,0.003568687,0.02260507,0.09199431,0.2703307,0.6112295
0.339,0.000266805,0.003518506,0.02237964,0.09145145,0.2698298,0.6125538
0.34,0.000261961,0.003469042,0.02215644,0.09091131,0.2693275,0.6138737
0.341,0.000257207,0.003420292,0.02193549,0.09037406,0.2688241,0.6151889
0.342,0.000252542,0.003372245,0.02171675,0.08983964,0.2683194,0.6164995
0.343,0.000247964,0.003324887,0.02150018,0.08930796,0.2678134,0.6178057
0.344,0.000243472,0.003278206,0.02128577,0.08877904,0.2673061,0.6191074
0.345,0.000239062,0.003232198,0.02107351,0.08825296,0.2667979,0.6204044
0.346,0.000234735,0.003186846,0.02086335,0.08772957,0.2662883,0.6216972
0.347,0.000230488,0.003142147,0.0206553,0.08720898,0.2657777,0.6229854
0.348,0.000226319,0.003098084,0.02044931,0.08669105,0.2652659,0.6242694
0.349,0.000222229,0.003054657,0.0202454,0.08617599,0.2647532,0.6255485
0.35,0.000218213,0.003011848,0.0200435,0.08566353,0.2642393,0.6268236
0.351,0.000214273,0.002969652,0.01984363,0.08515384,0.2637245,0.6280941
0.352,0.000210405,0.002928058,0.01964574,0.08464682,0.2632086,0.6293604
0.353,0.000206609,0.002887063,0.01944985,0.08414257,0.2626918,0.6306221
0.354,0.000202882,0.002846644,0.01925586,0.08364086,0.262174,0.6318798
0.355,0.000199224,0.002806806,0.01906383,0.08314188,0.2616552,0.6331331
0.356,0.000195634,0.002767537,0.01887372,0.0826456,0.2611357,0.6343818
0.357,0.000192111,0.002728827,0.01868549,0.08215193,0.2606151,0.6356265
0.358,0.000188652,0.002690667,0.01849913,0.08166086,0.2600937,0.636867
0.359,0.000185256,0.002653053,0.01831464,0.0811725,0.2595716,0.6381029
0.36,0.000181923,0.00261597,0.01813197,0.08068664,0.2590485,0.639335
0.361,0.000178652,0.002579417,0.01795113,0.08020347,0.2585247,0.6405626
0.362,0.00017544,0.00254338,0.01777206,0.07972277,0.2579999,0.6417864
0.363,0.000172288,0.002507857,0.01759479,0.07924475,0.2574746,0.6430057
0.364,0.000169193,0.002472838,0.01741929,0.07876927,0.2569485,0.6442209
0.365,0.000166155,0.002438314,0.01724551,0.07829632,0.2564216,0.6454321
0.366,0.000163173,0.002404284,0.01707349,0.07782602,0.2558942,0.6466388
0.367,0.000160245,0.002370733,0.01690316,0.07735816,0.2553659,0.6478418
0.368,0.000157371,0.002337656,0.01673451,0.07689282,0.254837,0.6490406
0.369,0.00015455,0.002305053,0.01656757,0.07643012,0.2543077,0.6502349
0.37,0.000151779,0.002272903,0.01640224,0.07596971,0.2537774,0.651426
0.371,0.00014906,0.002241214,0.01623859,0.07551195,0.2532468,0.6526124
0.372,0.00014639,0.00220997,0.01607654,0.07505661,0.2527155,0.653795
0.373,0.000143769,0.002179171,0.01591613,0.07460381,0.2521837,0.6549734
0.374,0.000141196,0.002148801,0.01575727,0.07415334,0.2516512,0.6561482
0.375,0.00013867,0.002118865,0.01560001,0.07370545,0.2511184,0.6573186
0.376,0.000136189,0.002089348,0.0154443,0.0732599,0.2505849,0.6584854
0.377,0.000133754,0.002060246,0.01529012,0.07281676,0.2500509,0.6596482
0.378,0.000131363,0.002031556,0.01513748,0.07237607,0.2495165,0.660807
0.379,0.000129015,0.002003271,0.01498636,0.07193781,0.2489817,0.6619619
0.38,0.00012671,0.001975384,0.01483674,0.07150194,0.2484464,0.6631128
0.381,0.000124447,0.001947888,0.01468858,0.07106841,0.2479107,0.66426
0.382,0.000122225,0.001920779,0.0145419,0.07063723,0.2473744,0.6654034
0.383,0.000120043,0.001894054,0.01439668,0.0702085,0.246838,0.6665427
0.384,0.000117901,0.0018677,0.01425288,0.069782,0.246301,0.6676785
0.385,0.000115798,0.00184172,0.01411052,0.06935795,0.2457638,0.6688102
0.386,0.000113732,0.001816103,0.01396956,0.06893616,0.2452262,0.6699382
0.387,0.000111704,0.001790845,0.01382999,0.06851669,0.2446882,0.6710625
0.388,0.000109713,0.00176594,0.01369179,0.06809946,0.2441499,0.6721832
0.389,0.000107757,0.001741384,0.01355495,0.06768453,0.2436112,0.6733001
0.39,0.000105837,0.001717178,0.01341951,0.06727203,0.2430725,0.6744129
0.391,0.000103952,0.001693304,0.01328536,0.06686165,0.2425334,0.6755224
0.392,0.0001021,0.001669768,0.01315256,0.0664536,0.241994,0.676628
0.393,0.000100282,0.001646561,0.01302106,0.06604777,0.2414544,0.67773
0.394,9.849705E-05,0.001623677,0.01289086,0.06564415,0.2409144,0.6788284
0.395,9.674387E-05,0.001601113,0.01276194,0.06524277,0.2403743,0.6799231
0.396,9.502246E-05,0.001578867,0.01263431,0.06484367,0.2398341,0.681014
0.397,9.333179E-05,0.001556929,0.01250792,0.06444667,0.2392935,0.6821016
0.398,9.167177E-05,0.001535301,0.0123828,0.06405202,0.2387531,0.683185
0.399,9.004137E-05,0.001513972,0.01225889,0.0636594,0.2382122,0.6842655
