,70.06,72.08,74.06,79.88,79.89,84.04,84.08,86.09,87.05,87.1,89.01,91.05,99.78,99.79,99.8,101.07,101.1,102.05,103.05,104.05,110.07,111.07,112.08,112.64,112.65,112.66,113.07,115.08,116.07,119.04,120.08,121.08,127.08,128.17,128.18,129.06,129.1,130.06,130.08,130.1,131.08,131.11,132.08,133.04,133.06,136.07,137.07,138.06,141.06,141.1,143.08,143.11,145.06,145.09,147.07,147.11,147.13,147.14,147.15,155.08,155.11,156.07,157.06,157.09,157.1,157.13,158.09,159.07,159.09,159.11
70.06,1.0,0.8593741535616025,0.5834300083932138,0.31389340519491754,0.3360674874334023,0.4030717367183509,0.4728216149640906,0.4556692893561265,0.24853712555993507,0.38459157355659734,0.24684521916243235,0.0684223741355604,0.10148051278793115,0.18875175719096443,0.07314693715654526,0.1777559558369575,0.14904087104732458,0.16893506097414443,-0.0070698352277759,0.1780307543434046,0.18831841885323095,0.05078830803848148,0.16307792472927304,0.03938674537884548,0.10602596520766207,0.07099564782028468,0.07170395993957046,0.09625124790519755,0.08305172048968323,-0.00043755702459987003,0.15657938577608776,0.09698753834636548,0.0424572492613461,0.03700299934371375,0.025475946583024826,-0.0030412217581805433,0.13112224774332307,0.013207519194660663,0.12057880594344289,0.06712871832463436,0.018870354413928654,0.009662652589576942,0.009166604861607145,-0.034595044047298955,-0.003199825724534119,0.05954171087921949,0.037345160636207485,0.021632628957243105,0.010033346131108324,0.01956804390423253,0.011004524543952196,0.07304467924547306,0.002308986375328796,0.01907299856927614,-0.0090468354794293,0.07721621268749888,0.008570822578746511,0.0079747439742922,0.003151213944066747,-0.028147213518349267,0.007419529106440052,0.009765766191025326,-0.01421142542656768,-5.910037400140232e-06,0.033286033478394386,0.051187412183735966,0.07740850092966729,-0.017473844390493112,-0.04754521390123633,0.011767528726163833
72.08,0.8593741535616025,1.0,0.6719117029239944,0.34755463801948133,0.35652821434218007,0.4652894579498567,0.5291761817748047,0.5049710179620897,0.2849413172049009,0.42537135452908315,0.2779615256195351,0.09244966800200222,0.1230406129707252,0.2074507065002332,0.07468202498452871,0.21230273481776937,0.15309042984945195,0.20752260243983967,-0.0070403511339280035,0.20635324914068873,0.21807729020682845,0.05193414249451108,0.1788613033383068,0.050349991238442915,0.11277240256998387,0.08010251199465572,0.08232847183148075,0.10772404479680811,0.08968395934692407,-0.001036194184431037,0.1749837936969767,0.10923843418684576,0.05515438808002833,0.04452874791276303,0.026926079479435053,0.008656760258145704,0.15264450895595247,0.018612553932384278,0.14146123603382832,0.07056435126077118,0.021372188092977976,0.009369392275858514,0.010360218361113073,-0.025690032371045567,0.0028736332805782048,0.0739995555286126,0.039081456077818794,0.02106733678095361,0.018743465217017728,0.019868268598296813,0.024609365423388943,0.07927597438269561,0.0073544210709409665,0.025237353656618743,-0.0035956803603690007,0.09237807546064093,0.005454050624617233,0.012721011452476208,0.0012619459808770048,-0.02640397193366789,0.018117513840534567,0.01967175795619002,-0.013266781652523943,0.007342711257174741,0.04222623170269189,0.06025380548729872,0.0900399891965974,-0.011015192713375529,-0.04568692385502972,0.022341118740793992
74.06,0.5834300083932138,0.6719117029239944,1.0,0.28719596837956657,0.30897410721062146,0.4624221969498363,0.46017461883986815,0.42153938368928984,0.319813221600265,0.3824417711617889,0.22911488241981265,0.12309184430753514,0.09523319726766777,0.1710449947839446,0.0707775603763627,0.24276425813331243,0.15159382945242247,0.22531326790793574,-0.004507888530594248,0.22849055648328886,0.21324726912995545,0.07578355738095253,0.20449863207357077,0.041487233181256036,0.08954163684675946,0.07016797871078173,0.1267125067493523,0.14919075953360533,0.12569938507964312,0.018198885617405482,0.15853560856842056,0.13021529072461724,0.08520300075483173,0.03310636986339871,0.024233663620574764,0.04910538687685586,0.13741801760014893,0.047822289554835064,0.14666050405071424,0.0894820609335943,0.0475271375820645,0.02588323679275106,0.02813758482853258,0.016386016947659194,0.014062865125785097,0.10105628831961044,0.06969541575335556,0.036821856001627386,0.0452224232720899,0.047351770702791195,0.05303044731915966,0.10528618390973866,0.011916580233948749,0.0697353101629362,0.013419206998201991,0.09503762850799315,0.005773725980254152,0.012307950845356947,0.011892735884378633,0.02165205724765719,0.04250811126533848,0.04640856274440448,0.009474666551592122,0.031589206902086504,0.05968744447809723,0.07315904486857452,0.10982059503137342,0.033259942098188264,-0.0036980216417153693,0.040639731422672874
79.88,0.31389340519491754,0.34755463801948133,0.28719596837956657,1.0,-0.021332311091165224,0.37608819497674656,0.4020615999506699,0.39720220181837973,0.2367354651735512,0.31946178088987176,0.14829910692294895,0.09841495904090188,0.27201148518270485,0.10198027488412312,-0.052831046381893405,0.17096910988866448,0.08175129082808329,0.16920024795331348,0.028900524915315886,0.16866065773409525,0.15906133926994104,0.023739424505537964,0.11387063663228814,0.1310742882880118,0.18681326865359818,-0.09499537628269902,0.05402136937783132,0.07999870094001693,0.06790522252927723,0.01351259847328118,0.14389144211443283,0.09914257481424903,0.04951791410126099,0.14955856299735554,-0.08654192808201895,0.022808718302095448,0.10834445523131599,0.0349215210282898,0.09588187214468569,0.028176983622000728,0.02297167870735769,0.005549596552905812,0.027355056468324205,-0.005071202410214891,0.014783085270472195,0.059375801085984024,0.03214388962136172,0.0053636128927282015,0.015147706877059335,0.030148406800270762,0.018604026117151,0.059246582111177795,0.005616706760613774,0.0015122140686012915,0.0014545131812758836,0.06488107701419221,0.10804601170945238,0.0036604933131723794,-0.08027187256521857,-0.010446287830512378,0.024269364820371436,0.023121855082044562,0.005501973030553874,-0.0006540192129214333,0.025405233521081018,0.048687635450735706,0.05942232720328295,0.0025335304142873978,-0.008414311940483114,0.02214977804133487
79.89,0.3360674874334023,0.35652821434218007,0.30897410721062146,-0.021332311091165224,1.0,0.3968979634834019,0.4547644617751736,0.4338739071982587,0.24285900765135324,0.28522513623392526,0.3285799898672938,0.10001484297279245,-0.07600490814427961,0.2639773678295264,0.1560695399255877,0.17798916355341401,0.11749611213718175,0.1800112522400485,0.011442269470345953,0.1308556356871851,0.1905342465762585,0.06779751398928746,0.13156002181153253,-0.06211551128114648,0.030580508958531007,0.22503211750149243,0.06273086145449883,0.09149455131336048,0.06980100701127612,0.021862778406183607,0.12690987970412068,0.053308595325176546,0.048316578181114705,-0.05363595910638178,0.13993004832623993,0.01768499732859283,0.1258045237846963,-0.0071991321197619395,0.11038204997837528,0.06918740291091847,0.023716782677902556,0.008487916555146661,-0.009060869794671614,0.007025384383637085,-0.0035319228756810215,0.0508957592014085,0.03681684037727105,0.05789464203794151,0.008403228078139074,0.015535121139028467,0.01817511333726716,0.03290774700778087,0.009098072216137315,0.014944841147811997,-0.005411801377049688,0.05587240012579577,-0.08864335603141571,0.020864047120079027,0.09814792233636482,-0.0081254755371086,-0.003483937739351946,0.011051898079283716,-0.0083140458881272,0.0037775659028981327,0.029475513345333673,0.02110961201925365,0.05649295266328543,-0.0006658355505660577,-0.07332733334627875,0.02185790913430445
84.04,0.4030717367183509,0.4652894579498567,0.4624221969498363,0.37608819497674656,0.3968979634834019,1.0,0.8523207724558147,0.7986032318410581,0.5132349568558872,0.5971598627583089,0.42375694690393884,0.2564146668584309,0.1881828329818333,0.3116481961285015,0.14614481224778378,0.47697804302537483,0.21821592004192988,0.4576486997042484,0.07092226436909241,0.35382031611235204,0.39178300483555123,0.11867452758143367,0.2693590663611731,0.06268165881343796,0.1739065304253235,0.13261322066464698,0.15149810662936233,0.21572790393671257,0.1802630271800432,0.04462550983512447,0.27557576653550414,0.17436499023051802,0.12174756082749394,0.059577043686438104,0.04821097940238159,0.12123800785792727,0.2503867325583529,0.06254854543934289,0.2460874260862545,0.12093242538556973,0.08374528400763516,0.05995130146270885,0.02671234727316254,0.04874815264447389,0.05055353486224459,0.16123317172497456,0.08650924508538152,0.07207861362333899,0.07293861023953577,0.07421636881017951,0.06382429501531446,0.11781346584276851,0.027367902711972793,0.06366491761142627,0.024516909019220916,0.1545546160581935,0.01787062826225664,0.012959790208691094,-0.00039503208061970435,0.04255599010826584,0.03779019788181619,0.06713610743353965,0.01729513513562026,0.0332636136846749,0.08564390275604068,0.09549146850835534,0.15298116734259812,0.05688103507680771,-0.03742326115901085,0.05169430995784026
84.08,0.4728216149640906,0.5291761817748047,0.46017461883986815,0.4020615999506699,0.4547644617751736,0.8523207724558147,1.0,0.8707240634399518,0.5193434314758281,0.620884080916438,0.47110514413745386,0.25721461826354103,0.19287020116481896,0.3523228516944141,0.1630259619405684,0.4265169723178296,0.2441241119966242,0.41225665352020185,0.06742176348588563,0.34304027317219865,0.40907919080298305,0.12251747210102115,0.24897402055062787,0.05723906474992297,0.19228187336714103,0.15269916199352926,0.13489472890558696,0.19279008400614853,0.15817088471209212,0.03822790215278178,0.27248033008520584,0.16597300622710068,0.11440442960364353,0.06348739488928737,0.05503157581024557,0.07227810672011575,0.2953371354679689,0.04466382675127418,0.28545419050525556,0.12585931546553206,0.07193371801169884,0.043785147999694504,0.01921098422745599,0.03137697505794791,0.036091179550951924,0.1465575458745677,0.07752047806641198,0.0860749847138714,0.04844063018202828,0.06296357511940322,0.04820706333351961,0.10223224646155739,0.02013875459336255,0.055084650964989997,0.00818959807131798,0.19256351342412112,0.010632691221745887,0.013587571081569449,0.007895611843890196,0.015422943947345088,0.030461665646121454,0.05332206999381879,0.004682058699431072,0.018745488392122735,0.07349673455655403,0.07793831235545129,0.10688993868095965,0.031386148893767785,-0.07345963321876534,0.042553820698720234
86.09,0.4556692893561265,0.5049710179620897,0.42153938368928984,0.39720220181837973,0.4338739071982587,0.7986032318410581,0.8707240634399518,1.0,0.5557972799380052,0.6590392189464345,0.5325949736351118,0.28392673090805437,0.2258159738396225,0.39540067710829674,0.18394503568510878,0.463105996260451,0.23895043382696446,0.4331514985772063,0.08811046040791037,0.3527207963038153,0.4352082139960647,0.12987180990505323,0.2733450426205734,0.07429768998225263,0.21471855875837578,0.16917312734063455,0.1385113769111148,0.19898939646789424,0.17124900909250343,0.0465138588345752,0.30423225321519815,0.17067594090253307,0.1055626728406179,0.06895084050211914,0.06539536395213742,0.07689771640279336,0.2846649167312473,0.04495348630472205,0.25328719220172596,0.11741770185131853,0.0696815468594637,0.046116147259305594,0.02121716538873647,0.025956008868554432,0.03162662337453712,0.14603129529215492,0.07480510894094372,0.08896747517208943,0.04906992979249901,0.05895622912164201,0.0524835930407545,0.09914800905137772,0.02188404153855752,0.05186029398782207,0.0016247497225853386,0.1511359023563241,0.013345246361971111,0.01659855875914383,0.0012965279190355367,4.1491636943122546e-05,0.02207284060070331,0.0489799384501266,-0.002425234668244498,0.012837789741892824,0.07391866696004983,0.07521073209925443,0.12683133542640226,0.02183970186350201,-0.08632516762221713,0.03450687567891463
87.05,0.24853712555993507,0.2849413172049009,0.319813221600265,0.2367354651735512,0.24285900765135324,0.5132349568558872,0.5193434314758281,0.5557972799380052,1.0,0.5091805632214396,0.3131908235258666,0.23111889219382212,0.16749315373959414,0.22854446636375522,0.08173378981843628,0.35230172384351255,0.17290952383752986,0.3592309974980971,0.09696891551896146,0.31305803199326143,0.29994642141843203,0.11431233350041103,0.24743739787336563,0.06760988678730413,0.12658957461496367,0.09075996022323723,0.1414137953638655,0.20567472399952724,0.1882620397022304,0.05845605357799625,0.2308984739754626,0.18700465890967477,0.14368038644823408,0.04824815640648662,0.02525734660814103,0.12945700468810734,0.19088161869984244,0.1017419256985015,0.2113882828944497,0.10554242787373395,0.10091077543416843,0.06234673954821763,0.05308911629607037,0.07905859664210332,0.08948012722829725,0.1470714326655342,0.11003295156774008,0.05971549984493076,0.08871244122059498,0.1300028197879647,0.0840242457647158,0.12440409111891279,0.03414652901032304,0.051090372612711585,0.029069393774999255,0.1356342594073735,0.01979799254748323,0.01575581409799984,-0.008128043321342128,0.0648022447737387,0.08835693193976192,0.10547783302390654,0.06575018054058125,0.06539475441075739,0.09825309703868686,0.11637080481192792,0.15787791864435696,0.08306319291210587,0.028834684356349546,0.09116485998908372
87.1,0.38459157355659734,0.42537135452908315,0.3824417711617889,0.31946178088987176,0.28522513623392526,0.5971598627583089,0.620884080916438,0.6590392189464345,0.5091805632214396,1.0,0.342659182106413,0.2720793631758609,0.20249435511175992,0.25993062613272944,0.09597212585162249,0.3816875515625206,0.19336819791192317,0.38221932893163124,0.10978412840618931,0.3556856049188892,0.3403157052414759,0.10781037237428655,0.2543302940403597,0.0840355353956258,0.1569091081429599,0.0978958853783967,0.13798819875341053,0.21881019268737828,0.19078990902984527,0.05507581117822142,0.27919544345218816,0.23259865712258915,0.1202871983696135,0.06308198951781838,0.028809662819731453,0.09931571484517591,0.21639892926481774,0.11647686104311507,0.2279320126610824,0.12075152193197974,0.07449192955448533,0.08425087538203087,0.0747446801481708,0.05705038538694305,0.06351561776673835,0.16263037067864303,0.11545963834007816,0.050328485047193325,0.0630689648736769,0.10550344750414659,0.07143539711868716,0.1803515756539163,0.030111321068484066,0.04278031648589638,0.013872479820883101,0.15086904905924778,0.03303596758812578,0.008405006436355241,-0.013495109803376055,0.042925476449596406,0.07043133820271609,0.106038525932889,0.019231393234765446,0.04251026442587995,0.0915845335399837,0.1743096061915843,0.15087994407470864,0.060323142271935894,0.04990216780443028,0.06844754318345708
89.01,0.24684521916243235,0.2779615256195351,0.22911488241981265,0.14829910692294895,0.3285799898672938,0.42375694690393884,0.47110514413745386,0.5325949736351118,0.3131908235258666,0.342659182106413,1.0,0.20330945044940466,-0.04911305330758296,0.47329200398211296,0.0050401638992001755,0.30747667352957825,0.14422745729447048,0.27265755182238105,0.063627596116663,0.21362144595209825,0.29232321430754615,0.09199939960485734,0.17229949210763562,-0.0903759323399702,0.20462223570053623,0.17729938183565966,0.07999788127211478,0.12729595338335525,0.10599413217745929,0.03965746653860182,0.18964060307995725,0.09513353363385305,0.062217909154371226,0.04063237968713137,0.142107236660052,0.05303361271303607,0.19130430736977824,0.02670781483807687,0.15953071605320399,0.07323919719355629,0.025917607262472466,0.03590190931628197,0.0011549773647247432,0.01653652747704311,0.02292935528488893,0.08251546235375912,0.0499206030852473,0.05982351067342995,0.019855497233034442,0.030418650737721643,0.03181078816376722,0.05253070611840434,0.00717318046029071,0.030997754532901545,0.00495986079044584,0.09688500318397732,-0.08539515937218649,0.10549632613321393,0.025287402368534703,-0.003801491810997341,0.00044136983126578764,0.041889977951224636,0.007834433920321206,0.007412864425636257,0.0511616800101664,0.03339930102723187,0.07204169915160473,0.001131468546850336,-0.06826057456793798,0.01340601958399163
91.05,0.0684223741355604,0.09244966800200222,0.12309184430753514,0.09841495904090188,0.10001484297279245,0.2564146668584309,0.25721461826354103,0.28392673090805437,0.23111889219382212,0.2720793631758609,0.20330945044940466,1.0,0.12841863912383045,0.1715082263025018,0.05887915196156423,0.26005483139226554,0.14628737936072497,0.2528812336927353,0.15599340656082394,0.24693443320144004,0.2302854973896828,0.108187809559585,0.18092009916852636,0.05301581527809632,0.10037164436527934,0.05585796529360314,0.10369274716572256,0.16326400180845252,0.13616740298441798,0.3511988577000912,0.17503479707210776,0.16832394630039904,0.06926543318505886,0.04818533570242488,0.03667706129899068,0.08719984033187154,0.143628049634654,0.09308940842973437,0.1649848875915251,0.09068499702576596,0.032983297834043385,0.04497809078273243,0.05506432828720305,0.046561865014238146,0.05442806833082313,0.1324243043514604,0.3101261866287331,0.06910658617913974,0.05571717212554027,0.06482883706902506,0.042355730862259584,0.10586090200252217,0.03758737428374525,0.04587403564119355,0.014682035476505748,0.10541267071891418,0.027162213645375723,0.010897441507487879,-0.011685944250627234,0.03735452773382633,0.04137110250109294,0.07976795582475377,0.007972611615393903,0.04465133640271476,0.07352976812917893,0.08090151428629479,0.09857470585564498,0.03488448381938537,0.03517503128877088,0.05243408607805481
99.78,0.10148051278793115,0.1230406129707252,0.09523319726766777,0.27201148518270485,-0.07600490814427961,0.1881828329818333,0.19287020116481896,0.2258159738396225,0.16749315373959414,0.20249435511175992,-0.04911305330758296,0.12841863912383045,1.0,-0.11379896726802065,-0.07531234641936556,0.2850744921348759,0.07882099940784904,0.238917941611401,0.10552734707043654,0.21762892210983664,0.2467216566275432,0.04622678369043285,0.1325947467002599,0.3855921362315319,0.161826238871917,-0.14166897801352296,0.06484323094577724,0.12417269359763936,0.09613964066699354,0.04445025089666468,0.21100941450160265,0.12156690762803292,0.08117852028527679,0.1480664564285944,-0.14538954418395128,0.07241642274218715,0.15076156069902288,0.06884021296709682,0.13759796517869222,0.03639565321744648,0.035035518094732376,0.042964236839049125,0.04770599134259054,0.04132687470285372,0.04344155976323947,0.10752443335414617,0.0583674877570127,0.01056149147983744,0.046431956827358116,0.054497736142630024,0.02777329314665658,0.08538712897203111,0.014682014553611249,0.013499730090672358,0.020349013994904974,0.08567694129537161,0.26460402781264053,-0.12202355600703393,-0.11968706882174994,0.026144895865431766,0.054444289108590546,0.036438159816887854,0.017346388003434916,0.015306814933537617,0.03574230813325482,0.06574010657888314,0.08047066825751067,0.014961045818726955,0.022867959854193806,0.031317121508476084
99.79,0.18875175719096443,0.2074507065002332,0.1710449947839446,0.10198027488412312,0.2639773678295264,0.3116481961285015,0.3523228516944141,0.39540067710829674,0.22854446636375522,0.25993062613272944,0.47329200398211296,0.1715082263025018,-0.11379896726802065,1.0,-0.07288261788405347,0.42113298596375304,0.16723233309448676,0.35969847567387525,0.13482831920565203,0.2905836952704157,0.4014434478147077,0.12366778753269385,0.20566065937279773,-0.13065913240991903,0.3118027488426604,0.22751806505985503,0.09862402300961616,0.16380874835522688,0.14676852942807783,0.05776416400119691,0.25797119732527135,0.10566267118329026,0.08302413257993906,0.07925749280432795,0.19481047732616438,0.07598315448589511,0.24784515813470115,0.045624888238126604,0.20624476365087963,0.08317228039635487,0.04717248390629497,0.04432174919686466,0.02174386075185724,0.04207569029409135,0.03829396818950194,0.1126330686143823,0.043096050965672025,0.07788335104272238,0.03083685733614273,0.0490882015664665,0.03576442256200556,0.07012653668971573,0.008846100892238322,0.031453237400338334,0.011248559152047132,0.11204493878750739,-0.12191770601358481,0.1675060978085524,0.014270179986556702,0.006555536594037947,0.02394241376268187,0.04128045013611193,0.01082699662411227,0.012235781673368086,0.04933720123621602,0.044363265778153305,0.07947378411282091,-0.0014056841317855683,-0.07544348287500208,0.029648587094294222
99.8,0.07314693715654526,0.07468202498452871,0.0707775603763627,-0.052831046381893405,0.1560695399255877,0.14614481224778378,0.1630259619405684,0.18394503568510878,0.08173378981843628,0.09597212585162249,0.0050401638992001755,0.05887915196156423,-0.07531234641936556,-0.07288261788405347,1.0,0.17570803321056433,0.09841158581746887,0.14235148522645538,0.004819738408261575,0.09856731928711317,0.17241507468979772,0.06871085665570686,0.08234990392897083,-0.0575564876547506,-0.13451495117648052,0.28989563568065874,0.05101288914598968,0.04765842723231146,0.0517999451938641,0.007472301425341755,0.07386019134600359,0.0025065561194328426,0.011431621989935161,-0.10874325931551153,0.03757450539131586,0.028854901088886803,0.10906177087879161,-0.011887330981058826,0.07776918672763729,0.058286890245186296,0.0409688420191548,0.0031296924456501282,-0.009225400198345049,-0.005838594916738945,0.004837867790374498,0.02769088687547536,0.008980961261400133,0.05518263775856133,0.011665116329100013,-0.004065971917976812,0.01631483401604326,-0.0020939810579346124,0.01672747202836615,0.008088615889412646,0.0034228922019671616,0.04332740875927235,-0.08291830327513725,-0.10988525421479237,0.16057517167089821,-0.00860683475905798,-0.013208729792257252,-0.0021975782823404066,0.0022631251666899595,-0.007494471706210726,0.01728656329576188,-0.018282322889589732,0.024630720612173675,0.004711264328612284,-0.07920613048536555,-0.007215423489540975
101.07,0.1777559558369575,0.21230273481776937,0.24276425813331243,0.17096910988866448,0.17798916355341401,0.47697804302537483,0.4265169723178296,0.463105996260451,0.35230172384351255,0.3816875515625206,0.30747667352957825,0.26005483139226554,0.2850744921348759,0.42113298596375304,0.17570803321056433,1.0,0.2263848800931695,0.5822862700670972,0.19546456539790588,0.49599348601652354,0.5806589814019858,0.1762572027280245,0.33892035746985205,0.12489597149924779,0.2603792523329483,0.18359095341976372,0.19426008618314433,0.3114441436204393,0.2616156862678147,0.10511693404371553,0.40709678050357573,0.2242722376853154,0.17347547371013886,0.0907645435068363,0.06648103665316756,0.27932860044015095,0.3662454164242199,0.13005072884438898,0.35363674388371724,0.13795080153557107,0.11380729774535163,0.13597077633703689,0.06588439948866323,0.13275944082714877,0.09156434525099677,0.24940153778000865,0.13552336743522286,0.08872608997476357,0.11621280884652259,0.12664667546868213,0.09847389032931,0.18453992234176964,0.052851817807230486,0.10444191807570426,0.06932659056716196,0.2356439858901594,0.025290669620115447,0.010024288595985564,0.0051033254706972404,0.10488756197116668,0.08063148168578203,0.11435589676753474,0.04605853863778998,0.07369194048901395,0.1206245284425666,0.13905885229824416,0.19679455073854016,0.08267130188921473,0.009589315904984663,0.07073141131709047
101.1,0.14904087104732458,0.15309042984945195,0.15159382945242247,0.08175129082808329,0.11749611213718175,0.21821592004192988,0.2441241119966242,0.23895043382696446,0.17290952383752986,0.19336819791192317,0.14422745729447048,0.14628737936072497,0.07882099940784904,0.16723233309448676,0.09841158581746887,0.2263848800931695,1.0,0.24593158891434577,0.08539532686644044,0.16987464648235193,0.23363839286232693,0.15805559465635738,0.11179361438277748,0.030868063650464225,0.07746104614435571,0.10351966827385532,0.07979987618469302,0.13441469340657283,0.10654285429676534,0.06403075895657336,0.12613640660786915,0.08319935653497948,0.06958745052022733,0.027569293562890434,0.04486702154180607,0.07560444694651448,0.1563054712676753,0.04223885947133408,0.18762985465444798,0.33958275887317185,0.07861044045257962,0.04277156561580334,0.026461552404157682,0.044864720376645524,0.03386546048945865,0.08087672645823452,0.0741207194550289,0.11795818925880293,0.039327908628571384,0.0634279969708846,0.055294036229383434,0.0556397551331286,0.026357557382744187,0.04630723359165589,0.026392610650301476,0.1182337499639293,-0.004459112079124684,0.00011326127293740919,0.022084132363674954,0.019071718584918042,0.06992855179701507,0.06868684583744404,0.02216513677337,0.04019482512359318,0.042997548176047624,0.04673947726154177,0.032816110341310316,0.01754485060337443,-0.03839208852591855,0.042558932827315585
102.05,0.16893506097414443,0.20752260243983967,0.22531326790793574,0.16920024795331348,0.1800112522400485,0.4576486997042484,0.41225665352020185,0.4331514985772063,0.3592309974980971,0.38221932893163124,0.27265755182238105,0.2528812336927353,0.238917941611401,0.35969847567387525,0.14235148522645538,0.5822862700670972,0.24593158891434577,1.0,0.21862269961398414,0.4744465660838792,0.5151645289842288,0.1742788889636466,0.3387511230709054,0.09864184834141271,0.24011486886149033,0.16055465436117938,0.18391838176349626,0.31359322697677045,0.2696099206746147,0.12041889892431655,0.3776830793026472,0.24134994580068894,0.17988785288444975,0.09206233182271584,0.05517315917149808,0.2479570801991838,0.3293319378990583,0.15039986580498,0.3335640098693871,0.1720146749132483,0.10390577955549604,0.08920332760785774,0.08874692351741097,0.12261104029336359,0.08647975997119474,0.23453279287789805,0.1547213951752993,0.09680035711308245,0.13061482846845177,0.128999125084585,0.09188172783584717,0.18427558694065047,0.051983207750186326,0.07523210720485209,0.10044121956880303,0.2204763718760702,0.023713597515717815,0.011864335956188334,-0.004296413575995486,0.12623611556631967,0.09391511009583034,0.12392879713863911,0.06887929141516806,0.08240889261759878,0.13493188378254126,0.13663344853990458,0.20137261476608087,0.09735047145938971,0.03993018838617495,0.07141027314792373
103.05,-0.0070698352277759,-0.0070403511339280035,-0.004507888530594248,0.028900524915315886,0.011442269470345953,0.07092226436909241,0.06742176348588563,0.08811046040791037,0.09696891551896146,0.10978412840618931,0.063627596116663,0.15599340656082394,0.10552734707043654,0.13482831920565203,0.004819738408261575,0.19546456539790588,0.08539532686644044,0.21862269961398414,1.0,0.20503722617750517,0.19753827537345367,0.0770195741243275,0.12915999368664635,0.060167778619784874,0.11816409824217008,0.037458180516424446,0.06540688761628974,0.13659665785816513,0.12992104498462814,0.07857495073626213,0.20265228845435992,0.3952302682973033,0.08168057292800938,0.05522894529631664,0.02608811243750404,0.07166720484228511,0.12645405160601947,0.11914352507783293,0.13248260768748582,0.04809432187586443,0.03755159880994786,0.03279968317198465,0.0915091202771285,0.02087861600738386,0.06701549540062521,0.09897668050635058,0.08123252170949574,0.04804150671452686,0.03537632413423592,0.06391540082003726,0.03446263428828359,0.09975143641270638,0.01764236479088346,0.02699453156840079,0.02740527218695821,0.08826634051317692,0.023096420456243855,0.015316645157376406,-0.023814332830755847,0.042759216269226505,0.04253455836967291,0.07899547094417679,0.017943025250639386,0.03817117674930208,0.061565886940842474,0.08055739820981571,0.07661197003316049,0.04895160367935303,0.07713445969613847,0.04735516147520599
104.05,0.1780307543434046,0.20635324914068873,0.22849055648328886,0.16866065773409525,0.1308556356871851,0.35382031611235204,0.34304027317219865,0.3527207963038153,0.31305803199326143,0.3556856049188892,0.21362144595209825,0.24693443320144004,0.21762892210983664,0.2905836952704157,0.09856731928711317,0.49599348601652354,0.16987464648235193,0.4744465660838792,0.20503722617750517,1.0,0.45869907627374373,0.15401555915090462,0.2955671239240052,0.11799212044043549,0.22129370626030498,0.12344386365406186,0.20023971143821268,0.2891364319249897,0.24538150248197477,0.11141558868221112,0.3621426987524451,0.25705987991323626,0.20250287404636483,0.08671583550821048,0.04429794727394317,0.18189756141084967,0.29059940413589225,0.1747415581720073,0.29647535997260505,0.12361601062180477,0.0883953599635394,0.08649362549916975,0.10691688457761117,0.10871462567347254,0.08819581099961968,0.22478085679038143,0.14998454164934596,0.07937415707849328,0.10524681790715763,0.13790342574113493,0.0948718145216412,0.19620355280764873,0.06818826507842654,0.07828001362098864,0.04272119687003045,0.20017874564170943,0.026676721175971158,0.015276451499029151,-0.014053448788863276,0.09837088750113195,0.10470285582856936,0.1282638657076307,0.0450655977173973,0.0865636504815932,0.11336676594724407,0.14727978387147395,0.18830112159064494,0.08482551585287935,0.09711482556853271,0.07748975387702023
110.07,0.18831841885323095,0.21807729020682845,0.21324726912995545,0.15906133926994104,0.1905342465762585,0.39178300483555123,0.40907919080298305,0.4352082139960647,0.29994642141843203,0.3403157052414759,0.29232321430754615,0.2302854973896828,0.2467216566275432,0.4014434478147077,0.17241507468979772,0.5806589814019858,0.23363839286232693,0.5151645289842288,0.19753827537345367,0.45869907627374373,1.0,0.24123706650268342,0.3899133959940137,0.1689727244104709,0.37326618952965585,0.27587495287065067,0.21211317679488226,0.37138463180584275,0.3094401834939408,0.15066542864170573,0.5314065490960458,0.2533527705534723,0.19036722179872134,0.13673567882658494,0.11089503638663534,0.22916431050963879,0.5107053132453422,0.16023106456952585,0.4209885285556517,0.17516409783362522,0.12103376688341479,0.10306548354887064,0.09653237903625007,0.1370673951039727,0.07893939710167402,0.3130100694400132,0.14474726176004493,0.16448008588197333,0.10556497509989267,0.13847971496693265,0.08888197968402826,0.18482150409043116,0.060634613169814326,0.0635633777673499,0.04854507355210489,0.27227177105038464,0.032981587473360094,0.021160146944471794,0.0028419408381367907,0.07183318044294983,0.07750245332781121,0.13971385307752432,0.04125160493492092,0.06259246168151682,0.12367149563929061,0.12100781893526459,0.19805729028082533,0.0587994081792775,-0.012808521272776228,0.06225098312802355
111.07,0.05078830803848148,0.05193414249451108,0.07578355738095253,0.023739424505537964,0.06779751398928746,0.11867452758143367,0.12251747210102115,0.12987180990505323,0.11431233350041103,0.10781037237428655,0.09199939960485734,0.108187809559585,0.04622678369043285,0.12366778753269385,0.06871085665570686,0.1762572027280245,0.15805559465635738,0.1742788889636466,0.0770195741243275,0.15401555915090462,0.24123706650268342,1.0,0.22504761763405803,0.01791891612207799,0.0718191783146656,0.1057576914577095,0.11623703437054221,0.18497062080706655,0.1835747699848494,0.09013660833287261,0.1248550227503182,0.11027224783893891,0.07793806644787842,0.01796117171471561,0.036867422856309416,0.09804959918687033,0.13645608204311688,0.04675375205542821,0.1500248843875353,0.18909584462584114,0.08319475063821342,0.03303030329351203,0.03788085961877765,0.047678058884166104,0.02357329030776638,0.07034946426822336,0.09125625730418635,0.4194705004640962,0.0552421032158705,0.06127745092498694,0.043635092127386116,0.07065404065041714,0.05230983504957584,0.050906859412962566,0.019753029814465053,0.08764542329803414,-0.00950203125949994,0.013035412997513946,0.013352155438557813,0.05021708761746365,0.04774749091395008,0.16398489750500914,0.028197487487187395,0.036532049904502276,0.09271486128278304,0.04244172254365317,0.11653139710205947,0.03147373728293658,-0.029306069030769197,0.039345865470176246
112.08,0.16307792472927304,0.1788613033383068,0.20449863207357077,0.11387063663228814,0.13156002181153253,0.2693590663611731,0.24897402055062787,0.2733450426205734,0.24743739787336563,0.2543302940403597,0.17229949210763562,0.18092009916852636,0.1325947467002599,0.20566065937279773,0.08234990392897083,0.33892035746985205,0.11179361438277748,0.3387511230709054,0.12915999368664635,0.2955671239240052,0.3899133959940137,0.22504761763405803,1.0,0.07804914890259734,0.17359144240856686,0.1317182069563848,0.2715668811469965,0.41777456093544524,0.4618232009230734,0.11243974978067672,0.28890871494221254,0.2007104970383262,0.1463870501333331,0.06109321569130082,0.044416555493321096,0.19082703565197098,0.22432622086720722,0.12914751398737281,0.16352209171343976,0.13338727369414155,0.10493519006643438,0.07659597721250956,0.07739971713324025,0.1050032710942337,0.04603270754368777,0.17329261684139993,0.1480129667605228,0.1566208796975379,0.11052637540414098,0.12539801219465413,0.10411925485347966,0.14692480404878575,0.06255775363324408,0.059667115234532296,0.05157022068004019,0.1018317745630879,0.013934908858365049,0.016776504860123352,0.006316719802599938,0.09760727739480272,0.09027072923045248,0.11790598197519095,0.0512891422503184,0.0875335324879774,0.3313437222583859,0.12113515571840654,0.4039258671932884,0.08941879800877135,0.02107209405080305,0.07850560857861821
112.64,0.03938674537884548,0.050349991238442915,0.041487233181256036,0.1310742882880118,-0.06211551128114648,0.06268165881343796,0.05723906474992297,0.07429768998225263,0.06760988678730413,0.0840355353956258,-0.0903759323399702,0.05301581527809632,0.3855921362315319,-0.13065913240991903,-0.0575564876547506,0.12489597149924779,0.030868063650464225,0.09864184834141271,0.060167778619784874,0.11799212044043549,0.1689727244104709,0.01791891612207799,0.07804914890259734,1.0,-0.0944744652775631,-0.11109517657751723,0.0415655277714928,0.09676030195476425,0.06761379850305786,0.04904886025300395,0.16327602505317135,0.0862576627738145,0.05297550502881887,-0.01336992168371864,-0.11495580244031901,0.05543092877417577,0.11168697726240256,0.05862737183841514,0.10048979947490409,0.016629593152793703,0.014012665399888982,0.032367392802385715,0.03890764614429536,0.034625337352398915,0.01599695857529387,0.09437949368112773,0.04881955554954044,-0.00042775055372446235,0.033683226885692745,0.040534834662347974,0.0197430970062381,0.05602041440430728,0.001239663680520296,0.02285620382608882,0.012567957041387955,0.05848731561150779,0.172022905593314,-0.12198277211699546,-0.09240947744007683,0.0034352776059829154,0.03416527431009305,0.02907790245877203,0.01593409563197792,0.01670091080660317,0.023748352095424,0.04431663914528225,0.056960465208789036,0.027717809517822076,0.02263368786186457,0.021171779892452863
112.65,0.10602596520766207,0.11277240256998387,0.08954163684675946,0.18681326865359818,0.030580508958531007,0.1739065304253235,0.19228187336714103,0.21471855875837578,0.12658957461496367,0.1569091081429599,0.20462223570053623,0.10037164436527934,0.161826238871917,0.3118027488426604,-0.13451495117648052,0.2603792523329483,0.07746104614435571,0.24011486886149033,0.11816409824217008,0.22129370626030498,0.37326618952965585,0.0718191783146656,0.17359144240856686,-0.0944744652775631,1.0,-0.20440916540106066,0.10466539099650117,0.17774109606382082,0.15189071766415813,0.08468781578907289,0.3287980343109424,0.14162322725070428,0.08705629815615332,0.33658487976448437,-0.04847027766549462,0.11711667313974836,0.2672442120373961,0.08436869650172132,0.2069690073640283,0.05822352304608618,0.04569433755998107,0.05817239185768556,0.0505897728000811,0.0773502128481365,0.04529163585164294,0.16885786314277085,0.06403583508692479,0.04251108239681225,0.059260402490653535,0.06548174103956966,0.03649777551868993,0.09074402709653377,0.033649640278648224,0.018742142426352564,0.030678262895796494,0.12157431584101556,0.0787425263262496,0.17694712158847203,-0.1888186801559559,0.02545343539818714,0.028934419561058727,0.03978925012191238,0.01368924558002487,0.022510941602128937,0.05017248197776787,0.052656913015915956,0.06776258826374046,0.021429928106677917,-0.009563314725914243,0.031541957617312565
112.66,0.07099564782028468,0.08010251199465572,0.07016797871078173,-0.09499537628269902,0.22503211750149243,0.13261322066464698,0.15269916199352926,0.16917312734063455,0.09075996022323723,0.0978958853783967,0.17729938183565966,0.05585796529360314,-0.14166897801352296,0.22751806505985503,0.28989563568065874,0.18359095341976372,0.10351966827385532,0.16055465436117938,0.037458180516424446,0.12344386365406186,0.27587495287065067,0.1057576914577095,0.1317182069563848,-0.11109517657751723,-0.20440916540106066,1.0,0.06528389501055172,0.11891042508250804,0.08554155240782754,0.025904218733403834,0.1827420350092317,0.045176671529150884,0.04986999963993735,-0.18800209900217335,0.3207626298151345,0.05007873521170982,0.19418347260326885,0.03131306762639274,0.13591855044729603,0.06990703738654325,0.030097921028968654,0.01808196991272521,0.0117771440120519,0.016419321168835436,0.00451318551013488,0.07676659030444442,0.01171436877093529,0.07789093444351064,0.007471884320135863,0.016064446135712437,0.020247781701663716,0.021433862956658375,0.01144844520538847,-0.0021213454426109593,0.0019557099742067707,0.06991438158482757,-0.15948198352700782,-0.06676815510549786,0.28529549779237673,-0.00751339133274237,-0.014537440752180796,0.01666343350502168,-0.004202151077458211,-0.007964646008818355,0.025698334252448007,-0.0028306107698164557,0.031620067176558665,-0.018552684890316258,-0.08052739229454456,-0.007986673008291822
113.07,0.07170395993957046,0.08232847183148075,0.1267125067493523,0.05402136937783132,0.06273086145449883,0.15149810662936233,0.13489472890558696,0.1385113769111148,0.1414137953638655,0.13798819875341053,0.07999788127211478,0.10369274716572256,0.06484323094577724,0.09862402300961616,0.05101288914598968,0.19426008618314433,0.07979987618469302,0.18391838176349626,0.06540688761628974,0.20023971143821268,0.21211317679488226,0.11623703437054221,0.2715668811469965,0.0415655277714928,0.10466539099650117,0.06528389501055172,1.0,0.23824866619020837,0.2397810781547456,0.06856440729123953,0.16561324073716072,0.1294879686095138,0.08021375022133208,0.03244872737020853,0.012751897861304727,0.14614654697746676,0.13738556490507864,0.07557519089624266,0.14036205899400078,0.10004958705041095,0.25555830394175155,0.04645384378928444,0.048644491656457324,0.08757442089888674,0.024592407563558065,0.11125662886897858,0.09343436337700876,0.06985953858630017,0.2778021411165979,0.07251264028347917,0.08327386251936823,0.09537560404113858,0.06314773648886159,0.04826065974756247,0.03609623291779198,0.08344567708289181,-0.005749475528477589,0.006048154124102715,0.0024325818725176884,0.07149476419892438,0.058300700630185304,0.0791037593083282,0.03929733127722674,0.0834258863650969,0.1620702330275048,0.08377115836728403,0.17643162568766382,0.19494709330514143,0.015128233025066827,0.045701794238770195
115.08,0.09625124790519755,0.10772404479680811,0.14919075953360533,0.07999870094001693,0.09149455131336048,0.21572790393671257,0.19279008400614853,0.19898939646789424,0.20567472399952724,0.21881019268737828,0.12729595338335525,0.16326400180845252,0.12417269359763936,0.16380874835522688,0.04765842723231146,0.3114441436204393,0.13441469340657283,0.31359322697677045,0.13659665785816513,0.2891364319249897,0.37138463180584275,0.18497062080706655,0.41777456093544524,0.09676030195476425,0.17774109606382082,0.11891042508250804,0.23824866619020837,1.0,0.40675520381011654,0.12719261619405545,0.32770671459781947,0.22792285614952815,0.2064805327118233,0.08145143784851853,0.0409832551832918,0.2128930621880019,0.25889578994355017,0.17928142351437537,0.24021413845117842,0.14929438741071716,0.11520060393929338,0.08245341056745119,0.10602033871865717,0.15376305420839678,0.0846056958773406,0.20671577555722495,0.16477373325170594,0.11951131827284818,0.13977241958885842,0.18022229180566632,0.23435691786195761,0.18598330995382711,0.06987747555045574,0.07534499613698586,0.052635656633496196,0.16034790361062576,0.020705331301403136,0.010200121786519176,-0.0206117439289177,0.16993528202304756,0.09580752060023107,0.13297437077220778,0.071203077074624,0.1117439788728833,0.22834993937022663,0.15831590335318071,0.2911178359555605,0.11828280438285108,0.08092262108585462,0.07704440949805313
