Peptides, PeptideUnique, RateConstants, Correlations, RootMeanRSS, AbsoluteIsotopeError, Charge, m/z(Sequence), NEH, Abundance, NDP, Rsquared,sigma,CI lower band, CI upper band
YQVSWSLEHK, Yes, 0.15586, 0.996774, 0.010079, 0.048226,  3,   426.21553,  18, 171559728.000000, 9.000000, 0.982708, 0.010229, 0.132276, 0.179454
VQNMALYADVSGK, Yes, 0.11680, 0.979397, 0.022130, 0.128285,  2,   698.35047,  24, 76300144.000000, 9.000000, 0.944497, 0.013998, 0.084522, 0.149079
FFDEESYSLLR, Yes, 0.19729, 0.995215, 0.009088, 0.027503,  2,   703.33534,  20, 191872192.000000, 9.000000, 0.988881, 0.010507, 0.173059, 0.221520
NNEDVSIIPPLFTVSVDHR, Yes, 0.63699, 0.983586, 0.014468, 0.067302,  3,   718.03929,  33, 103697952.000000, 9.000000, 0.935362, 0.099834, 0.406771, 0.867206


MeanRateConst/CorrCutOff, 0.276736, 0.900000


MedianRateConst/RMSSCutOff, 0.197289, 0.050000
StandDev/NumberPeptides, 0.014578, 4
TotalIonCurrent, 1.84021e+10
