Peptides, PeptideUnique, RateConstants, Correlations, RootMeanRSS, AbsoluteIsotopeError, Charge, m/z(Sequence), NEH, Abundance, NDP, Rsquared,sigma,CI lower band, CI upper band
YADIILSLLR, Yes, 0.17952, 0.992387, 0.013655, 0.025900,  2,   588.85296,  16, 108520984.000000, 12.000000, 0.968151, 0.014781, 0.146985, 0.212052
AWGLDYLFEK, Yes, 0.19783, 0.998751, 0.007535, 0.042397,  2,   621.31368,  14, 92598520.000000, 12.000000, 0.959079, 0.021191, 0.151190, 0.244473
GALVAINPGDHDR, Yes, 0.55184, 0.967362, 0.028270, 0.215182,  3,   445.56523,  28, 37157472.000000, 12.000000, 0.785492, 0.106802, 0.316769, 0.786906
GHTVVGVEISEIGIR, Yes, 0.70364, 0.926286, 0.032932, 0.108420,  3,   522.62638,  27, 35338172.000000, 12.000000, 0.642735, 0.198215, 0.267371, 1.139906
EFQYLVAVLSYDPTK, Yes, 0.11305, 0.935642, 0.029732, 0.074467,  2,   886.95890,  23, 22281578.000000, 12.000000, 0.755954, 0.018207, 0.072977, 0.153122
EFFAEQNLSYTEEPLAEIAGAK, Yes, 0.13801, 0.971079, 0.014751, 0.204580,  2,  1229.09462,  52, 5492241.500000, 7.000000, 0.939105, 0.015034, 0.101227, 0.174803


MeanRateConst/CorrCutOff, 0.157104, 0.900000


MedianRateConst/RMSSCutOff, 0.179519, 0.050000
StandDev/NumberPeptides, 0.016929, 4
TotalIonCurrent, 9.62128e+09
