Peptides, PeptideUnique, RateConstants, Correlations, RootMeanRSS, AbsoluteIsotopeError, Charge, m/z(Sequence), NEH, Abundance, NDP, Rsquared,sigma,CI lower band, CI upper band
GDDVINASGYR, Yes, 0.26296, 0.990062, 0.014124, 0.029183,  2,   583.77546,  21, 795171392.000000, 9.000000, 0.980106, 0.015738, 0.226667, 0.299251
TGIIFMPGTTQLK, Yes, 0.18948, 0.731791, 0.076449, 0.030288,  2,   703.88924,  15, 1009582784.000000, 9.000000, -0.027770, 0.137517, 0.000000, 2.500013
AILPFDLQIIDEK, Yes, 0.27435, 0.957788, 0.043107, 0.121611,  3,   505.62033,  23, 8983223.000000, 6.000000, 0.280862, 0.078161, 0.073434, 0.475273
AILPFDLQIIDEK, Yes, 0.18763, 0.992311, 0.012085, 0.041728,  2,   757.92686,  23, 1022092032.000000, 9.000000, 0.980616, 0.011566, 0.160961, 0.214304
YPITQcLAAPGVYR, Yes, 0.04223, 0.749971, 0.066967, 0.122130,  3,   536.94494,  27, 44865240.000000, 9.000000, 0.031404, 0.025215, 0.000000, 2.770119
YPITQcLAAPGVYR, Yes, 0.18731, 0.996436, 0.012363, 0.031990,  2,   804.91377,  27, 830741696.000000, 9.000000, 0.979769, 0.010315, 0.163527, 0.211102
VPEWWLVTVGcMR, Yes, 0.41919, 0.870444, 0.037436, 0.663981,  2,   816.90490,  17, 165991280.000000, 9.000000, 0.703225, 0.125584, 0.129595, 0.708791
GPSPAFWWVNGQGDEIK, Yes, 0.22132, 0.994394, 0.012703, 0.035724,  2,   944.45485,  32, 408107072.000000, 9.000000, 0.954145, 0.018366, 0.178972, 0.263678
MKDPMAIFFTSGTTGYPK, Yes, 0.16624, 0.974196, 0.045959, 0.026140,  3,   664.65836,  23, 882394304.000000, 6.000000, 0.709713, 0.027547, 0.095429, 0.237053
MKDPMAIFFTSGTTGYPK, Yes, 0.03302, 0.856207, 0.045490, 0.082689,  2,   996.48391,  23, 394459808.000000, 9.000000, 0.452176, 0.018185, 0.000000, 3.687727
mKDPMAIFFTSGTTGYPK, Yes, 10.16788, 0.999998, 0.015992, 0.241564,  2,  1004.48137,  23, 10820195.000000, 4.000000, -0.466542, 16941.880859, 5.984099, 14.351668
RGPSPAFWWVNGQGDEIK, Yes, 0.77533, 0.917690, 0.071664, 0.085957,  2,  1022.50541,  35, 37351544.000000, 7.000000, -1.097147, 0.850181, 0.000000, 12.476870
AFIVLNPEFLSHDQEQLIK, Yes, 0.17096, 0.994043, 0.007265, 0.030765,  3,   747.73531,  37, 1131070848.000000, 9.000000, 0.981107, 0.009790, 0.148384, 0.193535
AFIVLNPEFLSHDQEQLIK, Yes, 0.17905, 0.996948, 0.005115, 0.061659,  2,  1121.09932,  37, 178328224.000000, 9.000000, 0.989628, 0.007477, 0.161809, 0.196293
LVVSDHSHEGWLDFcSLIK, Yes, 0.22068, 0.972827, 0.032393, 0.063802,  2,  1121.55170,  29, 61035860.000000, 9.000000, 0.530698, 0.050100, 0.105146, 0.336210
LVVSDHSHEGWLDFcSLIK, Yes, 0.44892, 0.938253, 0.068291, 0.018504,  4,   561.27949,  29, 219586400.000000, 8.000000, -1.359778, 0.226604, 0.000000, 2.697799
LVVSDHSHEGWLDFcSLIK, Yes, 0.27088, 0.968607, 0.030763, 0.068930,  3,   748.03689,  29, 264742400.000000, 9.000000, 0.602642, 0.058792, 0.135309, 0.406459
TGLSIHEVYGQSETGISSATLR, Yes, 0.24628, 0.952533, 0.033686, 0.069770,  3,   769.39228,  43, 485296256.000000, 9.000000, 0.448400, 0.064116, 0.098424, 0.394129
TGLSIHEVYGQSETGISSATLR, Yes, 0.24693, 0.986787, 0.038727, 0.071029,  2,  1153.58478,  43, 184820560.000000, 9.000000, 0.453494, 0.058932, 0.111031, 0.382824
AIVTTASLVPEVESVASEcPDLK, Yes, 0.28065, 0.960221, 0.020369, 0.022876,  2,  1208.11980,  45, 455566656.000000, 9.000000, 0.881407, 0.036194, 0.197186, 0.364112
AIVTTASLVPEVESVASEcPDLK, Yes, 0.31685, 0.967660, 0.020513, 0.027074,  3,   805.74896,  45, 505737696.000000, 9.000000, 0.877755, 0.041521, 0.221108, 0.412601
TANVFEQIcGLQQGDHLALILPR, Yes, 0.18429, 0.993477, 0.010771, 0.021114,  3,   865.12335,  47, 570256640.000000, 9.000000, 0.961487, 0.013545, 0.153058, 0.215526
TANVFEQIcGLQQGDHLALILPR, Yes, 0.15424, 0.996217, 0.007254, 0.026130,  2,  1297.18139,  47, 93625776.000000, 9.000000, 0.985075, 0.007367, 0.137249, 0.171227
TANVFEQIcGLQQGDHLALILPR, Yes, 0.10272, 0.926880, 0.027866, 0.043547,  4,   649.09434,  47, 20169846.000000, 9.000000, 0.781905, 0.020836, 0.054667, 0.150764
IGPVEVENALAEHPAVAESAVVSSPDK, Yes, 0.06699, 0.727634, 0.039045, 0.071486,  3,   905.79936,  65, 32886728.000000, 8.000000, 0.290085, 0.027230, 0.002599, 0.131376
FPTLEHcTTGGESLLPEEYEQWK, Yes, 0.18470, 0.994874, 0.006623, 0.034322,  3,   917.75841,  43, 737151168.000000, 9.000000, 0.982944, 0.009395, 0.163038, 0.206368
FPTLEHcTTGGESLLPEEYEQWK, Yes, 0.14803, 0.993918, 0.006434, 0.026248,  2,  1376.13397,  43, 105708800.000000, 9.000000, 0.986836, 0.007237, 0.131343, 0.164718
IGPVEVENALAEHPAVAESAVVSSPDKDR, Yes, 0.25014, 0.954900, 0.024975, 0.153671,  3,   996.17538,  70, 66892996.000000, 7.000000, 0.425693, 0.051015, 0.125312, 0.374969
IGPVEVENALAEHPAVAESAVVSSPDKDR, Yes, 0.00056, 0.657702, 0.141428, 0.299304,  4,   747.38336,  70, 728509504.000000, 8.000000, -0.777366, 0.042132, 0.000000, 6.862356
WNDHDSPEEFNFASDVLDYWAQMEEEGK, Yes, 0.05496, 0.782242, 0.020477, 0.052189,  3,  1130.13856,  59, 7448074.500000, 8.000000, 0.483537, 0.023542, 0.000000, 3.754341
IGPVEVENALAEHPAVAESAVVSSPDKDRGEVVK, Yes, 0.00033, 0.640441, 0.186733, 0.126216,  4,   875.45732,  78, 725711104.000000, 7.000000, -0.672097, 0.158926, 0.000000, 10.026990
IGPVEVENALAEHPAVAESAVVSSPDKDRGEVVK, Yes, 0.27741, 0.965923, 0.013949, 0.078313,  3,  1166.94067,  78, 87939120.000000, 7.000000, -3.469193, 0.123263, 0.000000, 3.436493
WNDHDSPEEFNFASDVLDYWAQMEEEGKR, Yes, 0.20353, 0.917302, 0.034638, 0.071620,  4,   886.88101,  63, 12380383.000000, 9.000000, -0.071168, 0.058096, 0.069557, 0.337494
WNDHDSPEEFNFASDVLDYWAQMEEEGKR, Yes, 0.02010, 0.816416, 0.022070, 0.174590,  3,  1182.17226,  63, 8949042.000000, 5.000000, 0.106583, 0.033191, 0.000000, 4.764427
IKPTRPLGLFMEYENSPESTSEVEcGDFYNSGDR, Yes, 0.12250, 0.993138, 0.006027, 0.015887,  4,   981.94773,  66, 420978848.000000, 9.000000, 0.969170, 0.007918, 0.104245, 0.140761
IKPTRPLGLFMEYENSPESTSEVEcGDFYNSGDR, Yes, 0.11012, 0.993339, 0.007013, 0.026577,  3,  1308.92788,  66, 112895520.000000, 9.000000, 0.954480, 0.008334, 0.090899, 0.129337
IKPTRPLGLFmEYENSPESTSEVEcGDFYNSGDR, Yes, 0.00060, -0.773878, 0.171477, 0.197583,  3,  1314.25952,  66, 4534902.500000, 5.000000, -0.882251, 0.317083, 0.000000, 12.873874
VIVEVLFK, Yes, 0.01011, 0.835311, 0.050880, 0.077553,  2,   473.80223,  8, 60884352.000000, 8.000000, 0.054455, 0.015207, 0.000000, 3.181794
GNILPPNTEGYIGIR, Yes, 0.12691, 0.986910, 0.016882, 0.091031,  2,   807.43592,  26, 765040448.000000, 9.000000, 0.923999, 0.013812, 0.095057, 0.158756
VPEWWLVTVGcMR, Yes, 0.15663, 0.844881, 0.042481, 0.075509,  3,   544.93903,  17, 34207892.000000, 9.000000, 0.660937, 0.042497, 0.058630, 0.254625
IGPVEVENALAEHPAVAESAVVSSPDKDRGEVVK, Yes, 0.08887, 0.994428, 0.005452, 0.021686,  5,   700.56731,  78, 1648280960.000000, 9.000000, 0.978982, 0.005557, 0.076053, 0.101680
IKPTRPLGLFmEYENSPESTSEVEcGDFYNSGDR, Yes, 0.02517, 0.870508, 0.014697, 0.234579,  4,   985.94646,  66, 16198424.000000, 5.000000, 0.342069, 0.022089, 0.000000, 4.156218
KVEFVSELPK, Yes, 0.18187, 0.979030, 0.017711, 0.016868,  2,   588.33716,  16, 1146586240.000000, 8.000000, 0.914194, 0.021082, 0.132024, 0.231726
ATIDEEGYIWFLGR, Yes, 0.00072, 0.275617, 0.144364, 0.483823,  2,   835.41466,  24, 127500096.000000, 9.000000, -0.092108, 0.019707, 0.000000, 5.451784


MeanRateConst/CorrCutOff, 0.202458, 0.900000


MedianRateConst/RMSSCutOff, 0.187315, 0.050000
StandDev/NumberPeptides, 0.015496, 24
TotalIonCurrent, 1.28252e+12
