Peptides, PeptideUnique, RateConstants, Correlations, RootMeanRSS, AbsoluteIsotopeError, Charge, m/z(Sequence), NEH, Abundance, NDP, Rsquared,sigma,CI lower band, CI upper band
GLQVYIR, Yes, 0.66489, 0.987526, 0.026675, 0.041180,  2,   424.75306,  12, 12314506.000000, 6.000000, 0.924619, 0.302058, 0.343924, 0.985864
EVEELILTESK, Yes, 5.33321, 0.996607, 0.081885, 0.475491,  2,   645.34537,  21, 1693022.500000, 6.000000, 0.598419, 1035048.000000, 4.480068, 6.186359
STVTLSWKPVQK, Yes, 0.39030, 0.976546, 0.012681, 0.131612,  3,   458.59776,  15, 765564.562500, 6.000000, 0.926351, 0.094316, 0.147849, 0.632745
ELPQFATGENLPR, Yes, 0.16097, 0.976329, 0.052058, 0.056938,  2,   736.38061,  30, 1860459.250000, 6.000000, 0.450655, 0.062856, 0.000000, 0.573589
NYGILADATEQVGQHK, Yes, 0.66604, 0.958772, 0.033727, 0.360232,  2,   872.43665,  33, 437382.281250, 6.000000, 0.635834, 0.521239, 0.204052, 1.128024


MeanRateConst/CorrCutOff, 0.573743, 0.900000


MedianRateConst/RMSSCutOff, 0.664894, 0.050000
StandDev/NumberPeptides, 0.189493, 3
TotalIonCurrent, 5.20785e+08
