Peptides, PeptideUnique, RateConstants, Correlations, RootMeanRSS, AbsoluteIsotopeError, Charge, m/z(Sequence), NEH, Abundance, NDP, Rsquared,sigma,CI lower band, CI upper band
VSLGETWSR, Yes, 0.30861, 0.982481, 0.019037, 0.054710,  2,   517.76690,  16, 145191024.000000, 12.000000, 0.952111, 0.032815, 0.236382, 0.380832
SLGSDEQIAK, Yes, 0.29290, 0.853931, 0.149730, 0.084488,  2,   524.26947,  23, 84599320.000000, 12.000000, -1.078454, 0.152089, 0.000000, 2.349819
LDNEPEIQR, Yes, 2.59228, 0.957885, 0.094856, 0.079324,  2,   557.28036,  23, 50786964.000000, 12.000000, -0.120828, 3.654008, 1.453166, 3.731391
cPAQTAADFR, Yes, 0.28011, 0.993591, 0.027880, 0.060807,  2,   568.76130,  26, 63506444.000000, 12.000000, 0.952549, 0.027463, 0.219665, 0.340554
DELYEDAVQK, Yes, 0.30075, 0.992822, 0.027231, 0.120876,  2,   605.28531,  21, 25343064.000000, 12.000000, 0.948010, 0.035249, 0.223162, 0.378328
TAFLDLLPLIR, Yes, 0.27544, 0.995409, 0.012455, 0.041193,  2,   636.38972,  15, 164053040.000000, 12.000000, 0.982774, 0.019097, 0.233407, 0.317471
ILEYQTQQQK, Yes, 0.37189, 0.987466, 0.019108, 0.044609,  2,   639.83805,  22, 102115416.000000, 12.000000, 0.953261, 0.040146, 0.283532, 0.460252
DATQHTQTLMR, Yes, 0.09298, 0.964007, 0.038606, 0.062010,  2,   651.31697,  22, 79010136.000000, 12.000000, 0.589967, 0.022051, 0.044448, 0.141516
FAEVLPDGTYQR, Yes, 0.34878, 0.990371, 0.015591, 0.042422,  2,   698.34879,  23, 76046520.000000, 12.000000, 0.971461, 0.031531, 0.279379, 0.418179
LAWSLGWSEDGPER, Yes, 0.44751, 0.882257, 0.086022, 0.079445,  2,   801.88098,  30, 202448960.000000, 11.000000, -0.717992, 0.268108, 0.000000, 2.420538
LTNILDGGIPNTELR, Yes, 0.28004, 0.997306, 0.011756, 0.056936,  2,   813.44649,  23, 106429736.000000, 12.000000, 0.986276, 0.017380, 0.241791, 0.318299
LGTPQSNYLGMLVTR, Yes, 0.30965, 0.964735, 0.030447, 0.056089,  2,   825.43761,  22, 49068684.000000, 12.000000, 0.806894, 0.064378, 0.167954, 0.451342
AMSSDFcAQGTEIcR, Yes, 0.32182, 0.975077, 0.028429, 0.096643,  2,   866.85801,  34, 9135891.000000, 12.000000, 0.946884, 0.037958, 0.238270, 0.405362
HSPSFSVER, Yes, 0.28745, 0.995071, 0.032362, 0.072752,  2,   523.25670,  21, 130270528.000000, 12.000000, 0.897221, 0.043000, 0.192805, 0.382090
SPANTQENPAYK, Yes, 3.83381, 0.903975, 0.062034, 0.775516,  2,   660.31493,  28, 8799999.000000, 12.000000, -0.855628, 8.902969, 2.835329, 4.832283


MeanRateConst/CorrCutOff, 0.308453, 0.900000


MedianRateConst/RMSSCutOff, 0.300745, 0.050000
StandDev/NumberPeptides, 0.030589, 10
TotalIonCurrent, 3.55721e+10
